    6382.750  0.9892334
    6382.772  0.9929473
    6382.794  1.002069
    6382.816  1.001648
    6382.838  1.009316
    6382.860  1.003356
    6382.882  0.9826271
    6382.904  0.9746308
    6382.926  0.9776496
    6382.948  0.9794754
    6382.970  0.9802617
    6382.992  0.9865037
    6383.014  0.9900496
    6383.036  0.9859264
    6383.058  0.9808309
    6383.081  0.9747936
    6383.103  0.9726765
    6383.125  0.9761834
    6383.147  0.9784321
    6383.169  0.9697273
    6383.191  0.9754634
    6383.213  0.9762076
    6383.235  0.9724618
    6383.257  0.9695726
    6383.279  0.9673216
    6383.301  0.9615029
    6383.323  0.9610568
    6383.345  0.967186
    6383.367  0.9730255
    6383.389  0.9829091
    6383.411  0.9946262
    6383.433  0.9923786
    6383.455  0.9760012
    6383.477  0.977092
    6383.499  0.9890743
    6383.521  0.9904041
    6383.543  0.9931791
    6383.565  1.011888
    6383.587  1.000268
    6383.609  0.9792019
    6383.631  0.9826756
    6383.653  0.9838586
    6383.675  0.9910491
    6383.697  1.004594
    6383.720  1.014287
    6383.742  1.000834
    6383.764  0.9840697
    6383.786  1.007851
    6383.808  1.005428
    6383.830  0.9939405
    6383.852  0.9816685
    6383.874  0.9759966
    6383.896  0.9851186
    6383.918  0.9964821
    6383.940  0.9903283
    6383.962  0.9782053
    6383.984  0.987048
    6384.006  0.9932573
    6384.028  0.987727
    6384.050  0.9917493
    6384.072  0.9854532
    6384.094  0.9875984
    6384.116  1.010735
    6384.138  1.018061
    6384.160  1.010273
    6384.182  1.000821
    6384.204  0.9879997
    6384.226  0.9944755
    6384.248  0.9896281
    6384.270  0.9871599
    6384.292  1.001691
    6384.314  1.016173
    6384.336  1.010789
    6384.359  0.9983522
    6384.381  0.9988065
    6384.403  1.007301
    6384.425  0.9979925
    6384.447  0.9895109
    6384.469  0.9869273
    6384.491  0.9843134
    6384.513  0.9862487
    6384.535  0.9801978
    6384.557  0.9886172
    6384.579  1.004047
    6384.601  0.9940799
    6384.623  0.9948856
    6384.645  1.009591
    6384.667  0.9975275
    6384.689  0.9933159
    6384.711  0.9983432
    6384.733  0.9855645
    6384.755  0.9811974
    6384.777  0.9785661
    6384.799  0.9657068
    6384.821  0.9635229
    6384.843  0.9724363
    6384.865  0.9577615
    6384.887  0.9482718
    6384.909  0.9500801
    6384.931  0.9584239
    6384.953  0.9768798
    6384.975  0.9916369
    6384.998  0.9826063
    6385.020  0.9707951
    6385.042  0.9788151
    6385.064  0.9823651
    6385.086  0.9765124
    6385.108  0.9752329
    6385.130  0.9865329
    6385.152  0.9913727
    6385.174  0.9799945
    6385.196  0.9772561
    6385.218  0.979113
    6385.240  0.992159
    6385.262  0.9874319
    6385.284  0.9903655
    6385.306  0.9921015
    6385.328  0.9805883
    6385.350  0.9909471
    6385.372  1.003039
    6385.394  0.9995958
    6385.416  0.9939396
    6385.438  0.9963215
    6385.460  0.9915069
    6385.482  1.002912
    6385.504  1.01533
    6385.526  1.006652
    6385.548  1.002062
    6385.570  1.014232
    6385.592  1.013369
    6385.615  1.001291
    6385.637  0.9884674
    6385.659  0.9788729
    6385.681  0.9909691
    6385.703  0.9863827
    6385.725  0.9770184
    6385.747  0.9946206
    6385.769  0.9935716
    6385.791  0.9820234
    6385.813  0.9982961
    6385.835  1.016923
    6385.857  1.017372
    6385.879  0.9986886
    6385.901  0.988465
    6385.923  0.9968508
    6385.945  0.9991953
    6385.967  0.999231
    6385.989  1.000829
    6386.011  0.9974111
    6386.033  0.9885461
    6386.055  0.9932427
    6386.077  0.9971562
    6386.099  0.9928337
    6386.121  0.9860264
    6386.143  0.987654
    6386.165  0.9988098
    6386.187  0.9860608
    6386.209  0.9849254
    6386.231  0.9887806
    6386.254  0.9911639
    6386.276  0.9975832
    6386.298  0.9927765
    6386.320  0.9961936
    6386.342  0.9955135
    6386.364  0.9892587
    6386.386  1.003869
    6386.408  1.001618
    6386.430  0.9908649
    6386.452  0.9963062
    6386.474  0.9927192
    6386.496  0.9789406
    6386.518  0.9718512
    6386.540  0.9661263
    6386.562  0.9817064
    6386.584  0.9863651
    6386.606  0.9815146
    6386.628  0.9848128
    6386.650  0.9864624
    6386.672  0.9869013
    6386.694  0.9849648
    6386.716  0.9798979
    6386.738  0.9921755
    6386.760  1.000587
    6386.782  0.9958655
    6386.804  1.006076
    6386.826  0.9999983
    6386.848  1.000703
    6386.870  1.017493
    6386.893  1.002817
    6386.915  0.9961341
    6386.937  1.008617
    6386.959  1.006435
    6386.981  1.007538
    6387.003  1.01518
    6387.025  1.000249
    6387.047  0.9794772
    6387.069  1.003453
    6387.091  1.013217
    6387.113  0.993144
    6387.135  0.9930214
    6387.157  0.996669
    6387.179  0.9992337
    6387.201  0.9989941
    6387.223  1.004779
    6387.245  0.9979489
    6387.267  0.9940628
    6387.289  1.015376
    6387.311  1.021652
    6387.333  1.012835
    6387.355  1.008174
    6387.377  0.9959944
    6387.399  1.00222
    6387.421  1.005992
    6387.443  1.000105
    6387.465  1.007557
    6387.487  1.021055
    6387.509  1.018684
    6387.532  1.005512
    6387.554  1.009443
    6387.576  1.017819
    6387.598  1.006715
    6387.620  1.007759
    6387.642  1.008564
    6387.664  1.002205
    6387.686  0.9984998
    6387.708  0.9950365
    6387.730  1.007606
    6387.752  1.017395
    6387.774  1.018093
    6387.796  0.9950833
    6387.818  0.9777755
    6387.840  0.9687528
    6387.862  0.9718134
    6387.884  0.9876642
    6387.906  1.006629
    6387.928  1.01314
    6387.950  1.00057
    6387.972  0.9932373
    6387.994  0.9963254
    6388.016  1.00203
    6388.038  0.9989926
    6388.060  0.9990541
    6388.082  0.9913937
    6388.104  0.9965479
    6388.126  0.9913456
    6388.148  1.006772
    6388.171  1.00854
    6388.193  1.003948
    6388.215  1.008606
    6388.237  1.008213
    6388.259  1.002533
    6388.281  0.9962291
    6388.303  1.014941
    6388.325  1.039175
    6388.347  1.018657
    6388.369  1.001665
    6388.391  0.9976863
    6388.413  0.9980564
    6388.435  1.00748
    6388.457  0.9965836
    6388.479  1.013309
    6388.501  0.9954103
    6388.523  0.9871249
    6388.545  0.9911178
    6388.567  0.9853555
    6388.589  0.9850926
    6388.611  1.001462
    6388.633  1.004986
    6388.655  0.9916109
    6388.677  1.005166
    6388.699  1.008471
    6388.721  1.022799
    6388.743  1.017197
    6388.765  1.009296
    6388.787  1.003873
    6388.810  0.9893266
    6388.832  1.009633
    6388.854  1.020239
    6388.876  0.9986672
    6388.898  0.9977784
    6388.920  0.996985
    6388.942  0.9907748
    6388.964  0.9962206
    6388.986  1.015734
    6389.008  1.009278
    6389.030  1.00883
    6389.052  1.024048
    6389.074  1.013647
    6389.096  1.009177
    6389.118  1.005592
    6389.140  0.995477
    6389.162  1.00231
    6389.184  1.010027
    6389.206  1.024377
    6389.228  1.026873
    6389.250  1.006891
    6389.272  0.9919809
    6389.294  0.9906896
    6389.316  1.004609
    6389.338  1.008599
    6389.360  0.990336
    6389.382  0.9906308
    6389.404  1.002026
    6389.426  0.9978956
    6389.449  1.003247
    6389.471  1.004785
    6389.493  1.003974
    6389.515  1.0049
    6389.537  1.005339
    6389.559  1.00501
    6389.581  1.003401
    6389.603  1.004535
    6389.625  1.014554
    6389.647  1.012673
    6389.669  1.004205
    6389.691  1.011628
    6389.713  1.013339
    6389.735  1.004758
    6389.757  1.002134
    6389.779  0.9977883
    6389.801  0.9980142
    6389.823  0.9931098
    6389.845  0.9893478
    6389.867  1.001502
    6389.889  1.00807
    6389.911  1.00526
    6389.933  1.010117
    6389.955  0.9913031
    6389.977  0.9833895
    6389.999  1.000273
    6390.021  1.000316
    6390.043  0.9863048
    6390.066  1.004014
    6390.088  1.017347
    6390.110  1.012216
    6390.132  1.014731
    6390.154  1.022168
    6390.176  1.009635
    6390.198  1.003507
    6390.220  1.022274
    6390.242  1.032032
    6390.264  1.015725
    6390.286  1.006048
    6390.308  1.011066
    6390.330  1.0029
    6390.352  1.00871
    6390.374  1.024724
    6390.396  1.002093
    6390.418  0.9794534
    6390.440  0.9870417
    6390.462  0.9938211
    6390.484  0.9989691
    6390.506  1.006626
    6390.528  1.010228
    6390.550  1.003143
    6390.572  1.010954
    6390.594  1.009502
    6390.616  1.00617
    6390.638  1.003783
    6390.660  1.014078
    6390.682  1.027126
    6390.705  1.03356
    6390.727  1.015482
    6390.749  1.015574
    6390.771  1.023754
    6390.793  1.005866
    6390.815  1.002068
    6390.837  1.009367
    6390.859  0.9860366
    6390.881  0.9849369
    6390.903  1.004358
    6390.925  1.010685
    6390.947  1.003672
    6390.969  1.00604
    6390.991  0.9943722
    6391.013  0.9889112
    6391.035  0.9890875
    6391.057  0.9999927
    6391.079  1.031551
    6391.101  1.031392
    6391.123  1.014696
    6391.145  1.005851
    6391.167  1.006407
    6391.189  1.014627
    6391.211  1.018941
    6391.233  1.000891
    6391.255  1.009129
    6391.277  1.028565
    6391.299  1.010749
    6391.321  0.989053
    6391.344  1.008838
    6391.366  1.0226
    6391.388  0.9922385
    6391.410  0.9912276
    6391.432  1.003887
    6391.454  1.002044
    6391.476  0.99837
    6391.498  1.021991
    6391.520  1.025931
    6391.542  1.003214
    6391.564  0.9979076
    6391.586  0.9864657
    6391.608  0.99498
    6391.630  0.9894057
    6391.652  0.9842782
    6391.674  0.991289
    6391.696  1.000483
    6391.718  0.9988536
    6391.740  0.997956
    6391.762  0.9889998
    6391.784  0.9769713
    6391.806  0.9760744
    6391.828  0.9916617
    6391.850  1.002169
    6391.872  1.001363
    6391.894  0.999145
    6391.916  0.9900072
    6391.938  0.9966511
    6391.960  1.004617
    6391.983  1.011165
    6392.005  1.016702
    6392.027  0.9889981
    6392.049  0.9839435
    6392.071  1.008869
    6392.093  1.022482
    6392.115  1.018343
    6392.137  1.021032
    6392.159  1.020347
    6392.181  1.008754
    6392.203  1.010223
    6392.225  1.000336
    6392.247  0.9914353
    6392.269  1.005354
    6392.291  1.014515
    6392.313  1.017921
    6392.335  1.020242
    6392.357  1.005403
    6392.379  0.9920127
    6392.401  0.9956568
    6392.423  0.9973654
    6392.445  0.9891526
    6392.467  0.9859779
    6392.489  0.9903218
    6392.511  0.999909
    6392.533  1.013744
    6392.555  1.012301
    6392.577  1.005853
    6392.599  1.016313
    6392.622  1.011873
    6392.644  1.0005
    6392.666  0.9910412
    6392.688  0.9929673
    6392.710  1.018217
    6392.732  1.013151
    6392.754  0.9863468
    6392.776  0.9969686
    6392.798  0.9980809
    6392.820  0.9818974
    6392.842  0.973324
    6392.864  0.9660941
    6392.886  0.9593671
    6392.908  0.960228
    6392.930  0.9448643
    6392.952  0.9199394
    6392.974  0.9102033
    6392.996  0.8983163
    6393.018  0.8836905
    6393.040  0.8852888
    6393.062  0.9002894
    6393.084  0.9051995
    6393.106  0.8951203
    6393.128  0.8943233
    6393.150  0.9035401
    6393.172  0.9058878
    6393.194  0.9304997
    6393.216  0.9561371
    6393.238  0.949369
    6393.261  0.9569762
    6393.283  0.9703456
    6393.305  0.968546
    6393.327  0.9588488
    6393.349  0.9717451
    6393.371  0.9790806
    6393.393  0.9790109
    6393.415  0.9940503
    6393.437  1.000948
    6393.459  1.009332
    6393.481  1.018139
    6393.503  0.9838188
    6393.525  0.9545493
    6393.547  0.9693714
    6393.569  0.9900781
    6393.591  1.000269
    6393.613  0.99396
    6393.635  0.993337
    6393.657  1.00901
    6393.679  0.9952581
    6393.701  0.9832935
    6393.723  0.9863101
    6393.745  1.002054
    6393.767  1.007249
    6393.789  0.9921392
    6393.811  0.990275
    6393.833  1.017774
    6393.855  1.006264
    6393.877  0.9809233
    6393.900  0.9839485
    6393.922  0.9926615
    6393.944  0.9972515
    6393.966  1.009989
    6393.988  1.000106
    6394.010  0.9998725
    6394.032  1.000252
    6394.054  1.003311
    6394.076  1.005007
    6394.098  0.9909256
    6394.120  0.9847871
    6394.142  1.000328
    6394.164  1.011833
    6394.186  1.003741
    6394.208  1.003485
    6394.230  0.9945307
    6394.252  0.9980201
    6394.274  1.006502
    6394.296  0.9969887
    6394.318  0.9861544
    6394.340  0.9757161
    6394.362  0.9820578
    6394.384  0.9909407
    6394.406  0.9834408
    6394.428  0.9720812
    6394.450  0.9787571
    6394.472  0.9709836
    6394.494  0.946638
    6394.516  0.9511794
    6394.539  0.9676167
    6394.561  0.9565876
    6394.583  0.9538599
    6394.605  0.9448658
    6394.627  0.9208412
    6394.649  0.911431
    6394.671  0.9184566
    6394.693  0.9215391
    6394.715  0.9123778
    6394.737  0.9029081
    6394.759  0.9098069
    6394.781  0.9261659
    6394.803  0.934113
    6394.825  0.9237046
    6394.847  0.9286117
    6394.869  0.9385345
    6394.891  0.9289933
    6394.913  0.936307
    6394.935  0.9388066
    6394.957  0.9410143
    6394.979  0.9539878
    6395.001  0.9641341
    6395.023  0.9740823
    6395.045  0.9897648
    6395.067  0.9908528
    6395.089  0.9851853
    6395.111  0.9798136
    6395.133  0.9769835
    6395.156  0.9753786
    6395.178  0.9830679
    6395.200  0.9803864
    6395.222  0.9822224
    6395.244  1.008055
    6395.266  0.9963877
    6395.288  0.9898593
    6395.310  0.9991719
    6395.332  0.9948756
    6395.354  1.004983
    6395.376  1.000188
    6395.398  1.009992
    6395.420  1.018126
    6395.442  1.008977
    6395.464  1.013716
    6395.486  1.016485
    6395.508  1.00306
    6395.530  1.008519
    6395.552  1.01432
    6395.574  1.012007
    6395.596  0.9843395
    6395.618  0.9758543
    6395.640  0.9931888
    6395.662  1.004812
    6395.684  1.009673
    6395.706  1.0134
    6395.728  1.013685
    6395.750  1.007828
    6395.772  1.018253
    6395.795  1.000205
    6395.817  1.003806
    6395.839  1.017674
    6395.861  1.011825
    6395.883  1.008144
    6395.905  1.005487
    6395.927  0.9985185
    6395.949  1.001148
    6395.971  0.9911136
    6395.993  0.9970314
    6396.015  1.001165
    6396.037  0.999836
    6396.059  0.9914719
    6396.081  0.9866216
    6396.103  0.9909395
    6396.125  1.003767
    6396.147  0.9935563
    6396.169  0.989054
    6396.191  0.9906631
    6396.213  0.9914849
    6396.235  0.998861
    6396.257  0.9973905
    6396.279  0.9910079
    6396.301  0.9830874
    6396.323  0.9943108
    6396.345  1.007272
    6396.367  1.011313
    6396.389  0.9954588
    6396.411  0.9809527
    6396.434  0.9777732
    6396.456  0.9873469
    6396.478  0.9947252
    6396.500  0.9858713
    6396.522  0.9911771
    6396.544  0.9992802
    6396.566  1.003303
    6396.588  1.017035
    6396.610  1.011308
    6396.632  1.006159
    6396.654  1.007372
    6396.676  1.004732
    6396.698  0.9998885
    6396.720  1.005002
    6396.742  1.0104
    6396.764  0.9836693
    6396.786  1.004595
    6396.808  1.019748
    6396.830  1.004679
    6396.852  0.9998966
    6396.874  1.009394
    6396.896  1.016813
    6396.918  1.008648
    6396.940  1.003272
    6396.962  1.01787
    6396.984  1.010942
    6397.006  1.005766
    6397.028  1.006835
    6397.050  1.002072
    6397.073  1.002776
    6397.095  1.011533
    6397.117  1.027383
    6397.139  1.002535
    6397.161  0.9951394
    6397.183  1.018695
    6397.205  1.00413
    6397.227  0.9918358
    6397.249  0.9942597
    6397.271  0.9898799
    6397.293  0.9962477
    6397.315  0.996699
    6397.337  0.9917635
    6397.359  0.9799715
    6397.381  0.9794837
    6397.403  1.003141
    6397.425  1.002379
    6397.447  0.9995084
    6397.469  0.9908122
    6397.491  0.9809767
    6397.513  0.9879289
    6397.535  1.0056
    6397.557  1.004329
    6397.579  1.009997
    6397.601  1.002813
    6397.623  1.011615
    6397.645  1.019961
    6397.667  1.002289
    6397.689  0.9998571
    6397.712  1.008998
    6397.734  0.9962365
    6397.756  1.000275
    6397.778  1.000467
    6397.800  0.9956933
    6397.822  1.003834
    6397.844  1.006557
    6397.866  1.014097
    6397.888  1.00028
    6397.910  0.9844102
    6397.932  0.9778572
    6397.954  0.9736673
    6397.976  0.9888796
    6397.998  0.9982215
    6398.020  1.011406
    6398.042  1.005321
    6398.064  0.9903792
    6398.086  1.001872
    6398.108  1.007089
    6398.130  1.003921
    6398.152  1.005667
    6398.174  1.014992
    6398.196  1.009145
    6398.218  0.9976987
    6398.240  0.9863732
    6398.262  0.9836016
    6398.284  0.9879526
    6398.306  0.9971207
    6398.328  0.9891195
    6398.351  0.9724679
    6398.373  0.9598035
    6398.395  0.9778503
    6398.417  1.000525
    6398.439  0.9981145
    6398.461  0.9897091
    6398.483  0.9885017
    6398.505  0.9801946
    6398.527  0.9936749
    6398.549  0.9905277
    6398.571  0.9854968
    6398.593  1.007475
    6398.615  1.000833
    6398.637  0.9928004
    6398.659  0.9973651
    6398.681  1.00385
    6398.703  1.003295
    6398.725  1.001412
    6398.747  0.9953464
    6398.769  0.9966319
    6398.791  0.9912304
    6398.813  0.9984761
    6398.835  0.9962453
    6398.857  0.9941754
    6398.879  0.9851606
    6398.901  0.9873278
    6398.923  0.9860991
    6398.945  0.9819086
    6398.967  0.9899732
    6398.990  0.9978984
    6399.012  0.9907781
    6399.034  0.9777505
    6399.056  0.9788178
    6399.078  0.9898438
    6399.100  0.9919255
    6399.122  0.9901306
    6399.144  0.979412
    6399.166  0.970483
    6399.188  0.9776615
    6399.210  0.9747624
    6399.232  0.962504
    6399.254  0.9551223
    6399.276  0.9498874
    6399.298  0.9362453
    6399.320  0.9184417
    6399.342  0.9020261
    6399.364  0.8835896
    6399.386  0.8752235
    6399.408  0.8895038
    6399.430  0.8854804
    6399.452  0.866367
    6399.474  0.8640966
    6399.496  0.8712771
    6399.518  0.8872354
    6399.540  0.8876062
    6399.562  0.8942378
    6399.584  0.9102681
    6399.607  0.9212313
    6399.629  0.9282079
    6399.651  0.9332642
    6399.673  0.9490558
    6399.695  0.9631311
    6399.717  0.9871191
    6399.739  0.9836406
    6399.761  0.9791136
    6399.783  0.9927043
    6399.805  0.9904442
    6399.827  0.9681571
    6399.849  0.9644954
    6399.871  0.9830588
    6399.893  1.000327
    6399.915  1.006108
    6399.937  0.9995388
    6399.959  1.011346
    6399.981  1.007149
    6400.003  1.004576
    6400.025  1.01702
    6400.047  1.013959
    6400.069  1.001368
    6400.091  0.99879
    6400.113  0.9978337
    6400.135  0.9881734
    6400.157  0.9879864
    6400.179  0.9841946
    6400.201  0.9897991
    6400.223  0.9910021
    6400.246  1.006437
    6400.268  1.002747
    6400.290  0.9981366
    6400.312  1.000493
    6400.334  1.003575
    6400.356  0.9961658
    6400.378  0.9900132
    6400.400  0.9942543
    6400.422  0.9820901
    6400.444  1.001246
    6400.466  1.014053
    6400.488  1.017149
    6400.510  1.015271
    6400.532  1.001058
    6400.554  0.9916139
    6400.576  1.004647
    6400.598  1.001202
    6400.620  0.9967486
    6400.642  0.9912447
    6400.664  0.9854622
    6400.686  0.9930329
    6400.708  0.9876291
    6400.730  0.9682241
    6400.752  0.9749026
    6400.774  0.9830139
    6400.796  0.9714893
    6400.818  0.9703266
    6400.840  0.9575154
    6400.862  0.9521447
    6400.885  0.9478095
    6400.907  0.9317646
    6400.929  0.9290886
    6400.951  0.9224286
    6400.973  0.9356287
    6400.995  0.9465094
    6401.017  0.9299573
    6401.039  0.9236793
    6401.061  0.9083283
    6401.083  0.9063555
    6401.105  0.9066085
    6401.127  0.9126589
    6401.149  0.9059401
    6401.171  0.9061168
    6401.193  0.9163138
    6401.215  0.9085625
    6401.237  0.914099
    6401.259  0.9415388
    6401.281  0.9386504
    6401.303  0.9290045
    6401.325  0.9220997
    6401.347  0.9234293
    6401.369  0.9241443
    6401.391  0.9344624
    6401.413  0.95855
    6401.435  0.9673097
    6401.457  0.9460719
    6401.479  0.9618604
    6401.501  0.9877008
    6401.524  0.9797146
    6401.546  0.9836521
    6401.568  0.991324
    6401.590  0.9886377
    6401.612  0.9878501
    6401.634  0.9993173
    6401.656  1.002628
    6401.678  0.9983854
    6401.700  0.9852062
    6401.722  0.98151
    6401.744  0.9816984
    6401.766  0.9950551
    6401.788  1.001368
    6401.810  1.010493
    6401.832  1.013431
    6401.854  1.005528
    6401.876  1.017722
    6401.898  1.011481
    6401.920  0.9973029
    6401.942  1.010042
    6401.964  1.008264
    6401.986  1.016038
    6402.008  1.015915
    6402.030  1.005965
    6402.052  0.9983791
    6402.074  0.975158
    6402.096  0.9664276
    6402.118  0.9926317
    6402.140  1.010279
    6402.163  1.007189
    6402.185  1.005955
    6402.207  1.002567
    6402.229  0.9970776
    6402.251  0.9869204
    6402.273  0.9861313
    6402.295  0.9982514
    6402.317  1.0086
    6402.339  1.000947
    6402.361  0.9907809
    6402.383  0.9902992
    6402.405  1.0084
    6402.427  1.002995
    6402.449  0.9957909
    6402.471  1.008985
    6402.493  0.9991075
    6402.515  1.015192
    6402.537  1.003348
    6402.559  0.9908588
    6402.581  0.9951748
    6402.603  0.9928392
    6402.625  0.9904757
    6402.647  1.004871
    6402.669  0.9976438
    6402.691  0.9950472
    6402.713  0.9913264
    6402.735  1.006182
    6402.757  0.991124
    6402.779  0.9846622
    6402.802  1.016468
    6402.824  1.013377
    6402.846  1.00389
    6402.868  0.9892833
    6402.890  0.9893139
    6402.912  1.016833
    6402.934  0.9935528
    6402.956  0.9939955
    6402.978  1.003821
    6403.000  0.9822456
    6403.022  0.9857818
    6403.044  1.008944
    6403.066  0.9995952
    6403.088  0.9698532
    6403.110  0.9818406
    6403.132  1.001489
    6403.154  0.9986158
    6403.176  0.9952016
    6403.198  1.012046
    6403.220  1.024534
    6403.242  1.001256
    6403.264  0.9924589
    6403.286  1.008976
    6403.308  1.005915
    6403.330  1.003666
    6403.352  0.9980809
    6403.374  1.014317
    6403.396  1.020928
    6403.418  1.001965
    6403.441  1.005956
    6403.463  1.017735
    6403.485  1.005388
    6403.507  0.9977518
    6403.529  1.00571
    6403.551  1.019961
    6403.573  1.020708
    6403.595  1.001639
    6403.617  0.9949253
    6403.639  0.9883119
    6403.661  0.9914704
    6403.683  0.993277
    6403.705  0.9840128
    6403.727  1.006059
    6403.749  1.035274
    6403.771  1.021113
    6403.793  1.004685
    6403.815  0.9979408
    6403.837  0.9965503
    6403.859  1.001188
    6403.881  0.9936019
    6403.903  0.98841
    6403.925  0.9808824
    6403.947  0.9977845
    6403.969  1.005898
    6403.991  1.008033
    6404.013  1.004667
    6404.035  1.004878
    6404.057  0.9863377
    6404.080  0.9893474
    6404.102  0.9981413
    6404.124  0.9959573
    6404.146  1.001107
    6404.168  1.004505
    6404.190  1.007141
    6404.212  1.017075
    6404.234  1.008542
    6404.256  0.9996184
    6404.278  1.005642
    6404.300  1.007588
    6404.322  0.9965343
    6404.344  1.003753
    6404.366  1.008343
    6404.388  1.011476
    6404.410  1.004597
    6404.432  0.9932684
    6404.454  0.9973832
    6404.476  1.009973
    6404.498  1.006646
    6404.520  1.00431
    6404.542  0.9886787
    6404.564  0.9832584
    6404.586  1.006695
    6404.608  1.020683
    6404.630  0.9974704
    6404.652  1.001838
    6404.674  1.016119
    6404.697  0.997404
    6404.719  0.9815703
    6404.741  0.9717231
    6404.763  0.9970195
    6404.785  1.00755
    6404.807  1.001148
    6404.829  1.002753
    6404.851  0.9880562
    6404.873  0.9855094
    6404.895  1.00287
    6404.917  1.003428
    6404.939  0.9821702
    6404.961  1.005053
    6404.983  1.012245
    6405.005  0.9891239
    6405.027  0.9863778
    6405.049  1.000129
    6405.071  1.008168
    6405.093  0.9883801
    6405.115  0.9950162
    6405.137  0.9924213
    6405.159  0.9884166
    6405.181  1.008942
    6405.203  1.014484
    6405.225  0.9898974
    6405.247  0.9842346
    6405.269  0.9755231
    6405.291  0.9884442
    6405.313  0.9975567
    6405.336  0.9957854
    6405.358  0.9992964
    6405.380  0.9793048
    6405.402  0.9946
    6405.424  1.013261
    6405.446  1.00274
    6405.468  1.017144
    6405.490  0.9998563
    6405.512  0.9838641
    6405.534  0.9995288
    6405.556  1.007671
    6405.578  0.9962753
    6405.600  0.9945258
    6405.622  0.9983968
    6405.644  0.9848886
    6405.666  0.989282
    6405.688  1.004077
    6405.710  0.9994318
    6405.732  0.988694
    6405.754  0.9904062
    6405.776  0.996168
    6405.798  1.009022
    6405.820  1.021056
    6405.842  1.021427
    6405.864  1.016872
    6405.886  1.024858
    6405.908  1.023421
    6405.930  1.00679
    6405.952  0.9916721
    6405.975  0.9944397
    6405.997  1.00019
    6406.019  1.009482
    6406.041  1.002807
    6406.063  1.004222
    6406.085  1.007533
    6406.107  0.990204
    6406.129  0.9983962
    6406.151  1.015609
    6406.173  0.9862136
    6406.195  0.9815478
    6406.217  1.015578
    6406.239  1.005394
    6406.261  0.9859409
    6406.283  1.003031
    6406.305  1.007281
    6406.327  1.004618
    6406.349  0.9941385
    6406.371  0.9972907
    6406.393  1.004417
    6406.415  1.007204
    6406.437  1.003595
    6406.459  1.008142
    6406.481  0.9959772
    6406.503  0.977596
    6406.525  0.9789849
    6406.547  0.9763715
    6406.569  0.9795763
    6406.591  0.9765632
    6406.614  0.9693334
    6406.636  0.9542307
    6406.658  0.9514762
    6406.680  0.9640195
    6406.702  0.9563407
    6406.724  0.9578556
    6406.746  0.9794356
    6406.768  0.9872396
    6406.790  0.9764135
    6406.812  0.9713128
    6406.834  0.9852166
    6406.856  0.989306
    6406.878  0.9901844
    6406.900  0.9943672
    6406.922  0.9771205
    6406.944  0.9789454
    6406.966  0.9830877
    6406.988  0.9710822
    6407.010  0.9791993
    6407.032  1.002751
    6407.054  0.9893306
    6407.076  0.9920279
    6407.098  1.004767
    6407.120  1.005588
    6407.142  0.9811939
    6407.164  0.977748
    6407.186  1.001999
    6407.208  0.9787126
    6407.230  0.9720793
    6407.253  0.9932356
    6407.275  0.9840886
    6407.297  0.9656451
    6407.319  0.9719152
    6407.341  0.9583721
    6407.363  0.9586039
    6407.385  0.9600701
    6407.407  0.956558
    6407.429  0.9254898
    6407.451  0.9332134
    6407.473  0.9263792
    6407.495  0.9124789
    6407.517  0.9226317
    6407.539  0.9212384
    6407.561  0.9337853
    6407.583  0.9708253
    6407.605  0.9715412
    6407.627  0.9673575
    6407.649  0.977076
    6407.671  0.9752075
    6407.693  0.9769742
    6407.715  0.9836066
    6407.737  0.9940244
    6407.759  0.9846852
    6407.781  0.9797724
    6407.803  0.994904
    6407.825  1.017218
    6407.847  1.00734
    6407.869  0.9951928
    6407.892  1.003624
    6407.914  1.003379
    6407.936  0.9776127
    6407.958  0.9752041
    6407.980  0.9984677
    6408.002  0.99649
    6408.024  0.9961109
    6408.046  0.9837696
    6408.068  0.9679541
    6408.090  0.9686784
    6408.112  0.9769025
    6408.134  1.007791
    6408.156  0.9941829
    6408.178  0.9731029
    6408.200  0.9769508
    6408.222  0.9778455
    6408.244  0.9630742
    6408.266  0.986887
    6408.288  0.9889012
    6408.310  0.9879968
    6408.332  0.9799562
    6408.354  0.961952
    6408.376  0.9816312
    6408.398  0.9889145
    6408.420  0.9877421
    6408.442  0.9890419
    6408.464  0.9922388
    6408.486  0.9690205
    6408.508  0.9730338
    6408.531  0.9892288
    6408.553  0.9891882
    6408.575  0.9911174
    6408.597  1.002142
    6408.619  0.9962661
    6408.641  0.9943863
    6408.663  0.9973644
    6408.685  0.9983321
    6408.707  0.9898593
    6408.729  0.9905068
    6408.751  0.9964843
    6408.773  0.9925227
    6408.795  0.9925256
    6408.817  0.989293
    6408.839  0.9846541
    6408.861  0.9721045
    6408.883  0.9687448
    6408.905  0.9634436
    6408.927  0.9416963
    6408.949  0.9487595
    6408.971  0.9735054
    6408.993  0.9684375
    6409.015  0.9628632
    6409.037  0.9721896
    6409.059  0.9708298
    6409.081  0.9599171
    6409.103  0.9584836
    6409.125  0.9488685
    6409.148  0.9554722
    6409.170  0.952589
    6409.192  0.9576678
    6409.214  0.9719592
    6409.236  0.9722329
    6409.258  0.9550045
    6409.280  0.9460341
    6409.302  0.9573798
    6409.324  0.9589301
    6409.346  0.9677224
    6409.368  0.9695523
    6409.390  0.9665442
    6409.412  0.9767181
    6409.434  0.9852139
    6409.456  0.9792856
    6409.478  0.9666477
    6409.500  0.9813274
    6409.522  1.006113
    6409.544  1.007244
    6409.566  1.00155
    6409.588  1.000441
    6409.610  0.9885138
    6409.632  0.9798208
    6409.654  1.003605
    6409.676  1.01162
    6409.698  1.004312
    6409.720  1.006149
    6409.742  0.9973933
    6409.764  0.9939085
    6409.787  0.9990209
    6409.809  1.001115
    6409.831  1.017223
    6409.853  1.031803
    6409.875  0.9989212
    6409.897  0.9805378
    6409.919  0.9878122
    6409.941  1.001671
    6409.963  0.9873154
    6409.985  1.000349
    6410.007  1.004668
    6410.029  0.99779
    6410.051  1.01853
    6410.073  1.024775
    6410.095  1.008232
    6410.117  1.024845
    6410.139  1.025348
    6410.161  1.010566
    6410.183  0.9935163
    6410.205  1.006994
    6410.227  1.003672
    6410.249  1.003505
    6410.271  1.010977
    6410.293  1.003743
    6410.315  0.9967189
    6410.337  0.9771166
    6410.359  0.9892148
    6410.381  1.006742
    6410.403  0.9955986
    6410.426  0.9926429
    6410.448  0.9815058
    6410.470  0.9792056
    6410.492  0.9938164
    6410.514  1.008322
    6410.536  0.9996517
    6410.558  0.9734345
    6410.580  0.9854591
    6410.602  1.010883
    6410.624  0.9922344
    6410.646  0.9736109
    6410.668  0.9878354
    6410.690  0.9976296
    6410.712  1.017075
    6410.734  1.02123
    6410.756  1.01777
    6410.778  1.004453
    6410.800  0.9908615
    6410.822  0.983716
    6410.844  0.9828897
    6410.866  0.9914395
    6410.888  0.996417
    6410.910  0.9931672
    6410.932  0.9716361
    6410.954  0.9668152
    6410.976  0.9465613
    6410.998  0.9450891
    6411.020  0.9234036
    6411.042  0.908176
    6411.065  0.9138772
    6411.087  0.9055559
    6411.109  0.9085217
    6411.131  0.908797
    6411.153  0.9234738
    6411.175  0.9233624
    6411.197  0.9308321
    6411.219  0.920135
    6411.241  0.930197
    6411.263  0.957235
    6411.285  0.9642578
    6411.307  0.9582654
    6411.329  0.9510487
    6411.351  0.9733918
    6411.373  1.007846
    6411.395  1.003544
    6411.417  0.9879392
    6411.439  0.9853628
    6411.461  0.9977268
    6411.483  1.003484
    6411.505  0.9980103
    6411.527  0.9947094
    6411.549  1.019521
    6411.571  1.018823
    6411.593  1.008951
    6411.615  1.00316
    6411.637  1.009354
    6411.659  1.013128
    6411.681  1.012579
    6411.704  1.013149
    6411.726  0.9846506
    6411.748  0.9910266
    6411.770  0.9940912
    6411.792  0.9955622
    6411.814  1.020518
    6411.836  1.025339
    6411.858  1.020384
    6411.880  1.012713
    6411.902  1.005792
    6411.924  1.005849
    6411.946  1.010728
    6411.968  1.002382
    6411.990  1.003657
    6412.012  1.008689
    6412.034  1.010764
    6412.056  1.001261
    6412.078  0.9892764
    6412.100  0.9997594
    6412.122  1.01395
    6412.144  1.003591
    6412.166  0.9959822
    6412.188  1.015024
    6412.210  1.01952
    6412.232  0.9936401
    6412.254  0.9972134
    6412.276  1.014703
    6412.298  0.9895392
    6412.320  0.9809957
    6412.343  0.9839047
    6412.365  0.995204
    6412.387  0.983983
    6412.409  0.9830596
    6412.431  0.9780456
    6412.453  0.9657194
    6412.475  0.9724878
    6412.497  0.984634
    6412.519  0.9788446
    6412.541  0.9486762
    6412.563  0.9678926
    6412.585  0.977657
    6412.607  0.9655803
    6412.629  0.952068
    6412.651  0.9559754
    6412.673  0.9583655
    6412.695  0.9465207
    6412.717  0.9373011
    6412.739  0.9274967
    6412.761  0.9370348
    6412.783  0.9374684
    6412.805  0.942612
    6412.827  0.9320613
    6412.849  0.9362724
    6412.871  0.9325414
    6412.893  0.9331805
    6412.915  0.9397746
    6412.937  0.9380521
    6412.959  0.9516479
    6412.982  0.9379933
    6413.004  0.9364642
    6413.026  0.9641113
    6413.048  0.9887712
    6413.070  0.9909813
    6413.092  0.9936841
    6413.114  0.9913461
    6413.136  0.9754429
    6413.158  0.9900666
    6413.180  1.006136
    6413.202  1.00503
    6413.224  0.9973232
    6413.246  1.014714
    6413.268  1.000003
    6413.290  1.000231
    6413.312  1.005789
    6413.334  1.00314
    6413.356  1.004586
    6413.378  1.015621
    6413.400  1.031468
    6413.422  1.016757
    6413.444  0.996013
    6413.466  0.999383
    6413.488  1.010669
    6413.510  1.030883
    6413.532  1.024809
    6413.554  1.017767
    6413.576  0.9935042
    6413.599  0.9770852
    6413.621  1.000119
    6413.643  0.995654
    6413.665  0.9805125
    6413.687  0.9972045
    6413.709  1.013974
    6413.731  1.00019
    6413.753  0.9963124
    6413.775  1.017209
    6413.797  1.028893
    6413.819  1.006413
    6413.841  1.011378
    6413.863  1.00355
    6413.885  1.011259
    6413.907  1.020633
    6413.929  1.015918
    6413.951  1.005534
    6413.973  1.003564
    6413.995  1.0186
    6414.017  1.009689
    6414.039  0.9980114
    6414.061  0.9937757
    6414.083  0.9833315
    6414.105  0.9910617
    6414.127  0.9913329
    6414.149  0.998753
    6414.171  0.9843656
    6414.193  0.9902161
    6414.215  1.010796
    6414.238  1.019862
    6414.260  1.005601
    6414.282  1.005289
    6414.304  0.9933102
    6414.326  0.9770421
    6414.348  0.9777688
    6414.370  0.9942763
    6414.392  0.9945772
    6414.414  0.9867427
    6414.436  0.9722895
    6414.458  0.9631575
    6414.480  0.9565124
    6414.502  0.9600657
    6414.524  0.9683467
    6414.546  0.9721925
    6414.568  0.9885339
    6414.590  0.9875777
    6414.612  0.9820576
    6414.634  0.9905066
    6414.656  0.9870337
    6414.678  0.9968084
    6414.700  0.9939511
    6414.722  0.9806616
    6414.744  0.9981713
    6414.766  0.9994024
    6414.788  1.016543
    6414.810  1.024282
    6414.832  1.020038
    6414.854  1.016805
    6414.877  0.9840791
    6414.899  0.9832977
    6414.921  0.9944326
    6414.943  0.9845745
    6414.965  0.9800441
    6414.987  0.9888092
    6415.009  1.004419
    6415.031  1.005505
    6415.053  1.015404
    6415.075  1.024122
    6415.097  0.9976909
    6415.119  0.9895377
    6415.141  0.9937203
    6415.163  0.9992417
    6415.185  0.9981254
    6415.207  1.00848
    6415.229  1.012944
    6415.251  1.012024
    6415.273  1.011681
    6415.295  1.00694
    6415.317  1.00791
    6415.339  1.016797
    6415.361  1.014032
    6415.383  1.007461
    6415.405  1.005943
    6415.427  0.9995223
    6415.449  1.001303
    6415.471  1.000397
    6415.493  0.994615
    6415.516  1.003874
    6415.538  1.001345
    6415.560  0.9972403
    6415.582  1.019832
    6415.604  1.017478
    6415.626  1.006621
    6415.648  1.01177
    6415.670  1.016977
    6415.692  1.00218
    6415.714  1.014893
    6415.736  0.9902998
    6415.758  1.010438
    6415.780  1.003264
    6415.802  0.9825526
    6415.824  1.002348
    6415.846  1.006815
    6415.868  0.9812823
    6415.890  0.9998032
    6415.912  1.000039
    6415.934  0.9834377
    6415.956  0.9871753
    6415.978  0.9855052
    6416.000  0.9665777
    6416.022  0.9702696
    6416.044  0.9577091
    6416.066  0.9559498
    6416.088  0.9696894
    6416.110  0.9719534
    6416.132  0.9662569
    6416.155  0.9588208
    6416.177  0.9545112
    6416.199  0.9292466
    6416.221  0.9192823
    6416.243  0.9449832
    6416.265  0.9549205
    6416.287  0.9290345
    6416.309  0.9100289
    6416.331  0.9107294
    6416.353  0.914727
    6416.375  0.9204646
    6416.397  0.9310375
    6416.419  0.954699
    6416.441  0.9334789
    6416.463  0.9614747
    6416.485  0.9443044
    6416.507  0.953623
    6416.529  0.9773645
    6416.551  0.9569713
    6416.573  0.958302
    6416.595  0.9869539
    6416.617  0.9764112
    6416.639  0.9778372
    6416.661  0.9895706
    6416.683  0.9878964
    6416.705  0.9972587
    6416.727  0.9954319
    6416.749  0.9860122
    6416.771  1.000684
    6416.794  1.014418
    6416.816  1.000509
    6416.838  0.9940765
    6416.860  1.004154
    6416.882  0.9996775
    6416.904  0.9936334
    6416.926  0.9912618
    6416.948  0.9802906
    6416.970  0.9961042
    6416.992  1.007769
    6417.014  1.018579
    6417.036  1.003696
    6417.058  1.000739
    6417.080  0.984425
    6417.102  0.99922
    6417.124  1.024127
    6417.146  1.011394
    6417.168  0.997569
    6417.190  1.002396
    6417.212  0.9923101
    6417.234  1.001133
    6417.256  1.019763
    6417.278  1.035112
    6417.300  1.029779
    6417.322  1.008684
    6417.344  0.9975614
    6417.366  0.9972754
    6417.388  1.019417
    6417.410  1.02574
    6417.433  1.016059
    6417.455  1.004407
    6417.477  0.988296
    6417.499  0.9861165
    6417.521  1.003229
    6417.543  1.007511
    6417.565  0.9965916
    6417.587  1.002701
    6417.609  1.000575
    6417.631  0.9898517
    6417.653  0.9944745
    6417.675  0.9855305
    6417.697  0.9845411
    6417.719  0.9939942
    6417.741  0.9856958
    6417.763  0.99532
    6417.785  0.9870347
    6417.807  0.9761814
    6417.829  0.9859426
    6417.851  0.9816065
    6417.873  0.9769332
    6417.895  0.9908879
    6417.917  0.9831677
    6417.939  0.9681731
    6417.961  0.95795
    6417.983  0.9637591
    6418.005  0.9692352
    6418.027  0.9550028
    6418.049  0.9477084
    6418.072  0.9490028
    6418.094  0.9601749
    6418.116  0.9854538
    6418.138  0.9953551
    6418.160  0.9722534
    6418.182  0.9555347
    6418.204  0.9533015
    6418.226  0.9730067
    6418.248  0.9890881
    6418.270  0.9781889
    6418.292  0.9804376
    6418.314  0.9876024
    6418.336  0.9806966
    6418.358  0.9796991
    6418.380  0.9897902
    6418.402  0.9952947
    6418.424  1.024087
    6418.446  1.006743
    6418.468  0.9908838
    6418.490  1.000115
    6418.512  1.013387
    6418.534  1.015841
    6418.556  1.01334
    6418.578  1.001922
    6418.600  1.011096
    6418.622  1.006561
    6418.644  1.031676
    6418.666  1.018978
    6418.689  1.022596
    6418.711  1.015363
    6418.733  0.9968514
    6418.755  0.999571
    6418.777  0.9905387
    6418.799  0.9951937
    6418.821  0.9947622
    6418.843  0.9949768
    6418.865  1.013526
    6418.887  1.003483
    6418.909  0.9970289
    6418.931  1.002357
    6418.953  1.00177
    6418.975  0.9865713
    6418.997  0.9895867
    6419.019  0.9838142
    6419.041  0.979359
    6419.063  1.002676
    6419.085  0.9897663
    6419.107  0.9917427
    6419.129  0.988463
    6419.151  0.9800275
    6419.173  0.9894595
    6419.195  0.9776541
    6419.217  0.9961212
    6419.239  1.008607
    6419.261  0.9907981
    6419.283  0.9480369
    6419.305  0.9494773
    6419.328  0.9355307
    6419.350  0.9207749
    6419.372  0.9330804
    6419.394  0.9412336
    6419.416  0.9279989
    6419.438  0.9377052
    6419.460  0.9538038
    6419.482  0.9560306
    6419.504  0.9525083
    6419.526  0.9483199
    6419.548  0.9671659
    6419.570  0.9697178
    6419.592  0.9561978
    6419.614  0.9614395
    6419.636  0.9879695
    6419.658  0.9896139
    6419.680  0.9959666
    6419.702  0.9991531
    6419.724  1.013988
    6419.746  1.008524
    6419.768  0.9995008
    6419.790  1.010909
    6419.812  1.036736
    6419.834  1.021972
    6419.856  1.020682
    6419.878  1.009959
    6419.900  1.010233
    6419.922  1.010501
    6419.944  1.000641
    6419.967  0.9962797
    6419.989  1.021608
    6420.011  1.012289
    6420.033  0.9936288
    6420.055  0.9938402
    6420.077  1.005141
    6420.099  1.003508
    6420.121  1.01206
    6420.143  1.015733
    6420.165  0.995323
    6420.187  0.979148
    6420.209  0.9943362
    6420.231  1.005545
    6420.253  0.9881521
    6420.275  0.9935296
    6420.297  0.9982516
    6420.319  0.9982981
    6420.341  0.9999703
    6420.363  1.024908
    6420.385  1.025867
    6420.407  0.9988666
    6420.429  0.9817225
    6420.451  1.008079
    6420.473  1.002584
    6420.495  0.9973008
    6420.517  0.9897646
    6420.539  0.9624486
    6420.561  0.9766258
    6420.583  0.9729535
    6420.606  0.9822741
    6420.628  0.9707192
    6420.650  0.9567353
    6420.672  0.9349835
    6420.694  0.9077555
    6420.716  0.915924
    6420.738  0.918141
    6420.760  0.9044783
    6420.782  0.8744625
    6420.804  0.8639473
    6420.826  0.8772532
    6420.848  0.8825304
    6420.870  0.8849761
    6420.892  0.9003415
    6420.914  0.906496
    6420.936  0.9067891
    6420.958  0.9066485
    6420.980  0.9093999
    6421.002  0.8939329
    6421.024  0.9036115
    6421.046  0.9335006
    6421.068  0.9313944
    6421.090  0.9222102
    6421.112  0.9476687
    6421.134  0.9502873
    6421.156  0.950089
    6421.178  0.9623844
    6421.200  0.9653893
    6421.222  0.9642456
    6421.245  0.9631079
    6421.267  0.9608191
    6421.289  0.962325
    6421.311  0.9837683
    6421.333  0.972305
    6421.355  0.9703675
    6421.377  0.9770064
    6421.399  0.9705065
    6421.421  0.9745716
    6421.443  0.9813408
    6421.465  0.9869116
    6421.487  0.9978913
    6421.509  0.9905631
    6421.531  0.9841362
    6421.553  0.9843054
    6421.575  0.9961038
    6421.597  0.9917153
    6421.619  0.9994224
    6421.641  0.9965376
    6421.663  0.994004
    6421.685  1.008308
    6421.707  1.001423
    6421.729  1.019484
    6421.751  1.019134
    6421.773  1.000573
    6421.795  0.9960895
    6421.817  1.006569
    6421.839  1.019593
    6421.861  1.019727
    6421.884  1.000199
    6421.906  1.029894
    6421.928  1.014283
    6421.950  0.992083
    6421.972  0.9999356
    6421.994  1.003587
    6422.016  1.001132
    6422.038  0.9843921
    6422.060  0.9780378
    6422.082  0.9973208
    6422.104  1.00559
    6422.126  0.9781454
    6422.148  0.9545605
    6422.170  0.9609411
    6422.192  0.9607335
    6422.214  0.9640101
    6422.236  0.9441425
    6422.258  0.953042
    6422.280  0.9624044
    6422.302  0.9485705
    6422.324  0.932915
