    6382.750  0.9997206
    6382.772  0.9997224
    6382.794  0.9961572
    6382.816  0.9988241
    6382.838  0.996391
    6382.860  0.9961437
    6382.882  1.007838
    6382.904  1.005767
    6382.926  1.003165
    6382.948  1.002583
    6382.970  0.9977276
    6382.992  1.002178
    6383.014  1.005772
    6383.036  0.9968771
    6383.058  0.9958673
    6383.081  0.997182
    6383.103  0.9953245
    6383.125  0.9955045
    6383.147  0.9884484
    6383.169  0.994167
    6383.191  0.9973325
    6383.213  0.9822077
    6383.235  0.973128
    6383.257  0.9693707
    6383.279  0.9701797
    6383.301  0.9718875
    6383.323  0.9758253
    6383.345  0.9742357
    6383.367  0.9725132
    6383.389  0.9756706
    6383.411  0.9852535
    6383.433  0.9871008
    6383.455  0.9853182
    6383.477  0.9875586
    6383.499  0.9915873
    6383.521  0.9962273
    6383.543  0.9951181
    6383.565  0.9944412
    6383.587  0.987434
    6383.609  0.9837695
    6383.631  0.9858667
    6383.653  0.9926966
    6383.675  0.9898196
    6383.697  0.9853903
    6383.720  0.9880852
    6383.742  0.979725
    6383.764  0.9798862
    6383.786  0.985751
    6383.808  0.9833479
    6383.830  0.9741408
    6383.852  0.9582312
    6383.874  0.949908
    6383.896  0.9518308
    6383.918  0.9506525
    6383.940  0.9405481
    6383.962  0.9483512
    6383.984  0.958243
    6384.006  0.9618568
    6384.028  0.9620704
    6384.050  0.9575975
    6384.072  0.957417
    6384.094  0.9602802
    6384.116  0.9692504
    6384.138  0.9789824
    6384.160  0.9722865
    6384.182  0.9609599
    6384.204  0.9644554
    6384.226  0.9663036
    6384.248  0.9675335
    6384.270  0.974821
    6384.292  0.9757943
    6384.314  0.97632
    6384.336  0.9842154
    6384.359  0.9880327
    6384.381  0.9818642
    6384.403  0.9840004
    6384.425  0.9841508
    6384.447  0.9891797
    6384.469  0.9855312
    6384.491  0.9792604
    6384.513  0.9869083
    6384.535  0.9924858
    6384.557  0.9968522
    6384.579  0.9968435
    6384.601  0.9906855
    6384.623  0.9901456
    6384.645  0.9984663
    6384.667  1.010887
    6384.689  1.013013
    6384.711  0.9984981
    6384.733  0.9920346
    6384.755  0.9939573
    6384.777  0.994323
    6384.799  1.004787
    6384.821  1.007739
    6384.843  1.006617
    6384.865  1.003946
    6384.887  0.998417
    6384.909  1.001976
    6384.931  0.9986721
    6384.953  1.000391
    6384.975  1.001311
    6384.998  0.9975116
    6385.020  0.9927347
    6385.042  0.9843388
    6385.064  0.9843873
    6385.086  0.982335
    6385.108  0.9877291
    6385.130  0.9913978
    6385.152  0.9838099
    6385.174  0.9780253
    6385.196  0.9784757
    6385.218  0.9877991
    6385.240  0.9939989
    6385.262  0.987124
    6385.284  0.9808355
    6385.306  0.9828299
    6385.328  0.9823487
    6385.350  0.9908139
    6385.372  0.9899958
    6385.394  0.9818455
    6385.416  0.9886704
    6385.438  1.000495
    6385.460  1.006062
    6385.482  1.00041
    6385.504  0.9981618
    6385.526  1.002209
    6385.548  1.001138
    6385.570  1.000268
    6385.592  1.003375
    6385.615  1.003222
    6385.637  1.001138
    6385.659  0.999982
    6385.681  0.9951692
    6385.703  0.9981744
    6385.725  1.006675
    6385.747  1.006896
    6385.769  1.009684
    6385.791  1.009493
    6385.813  1.007097
    6385.835  1.005719
    6385.857  1.01167
    6385.879  1.016775
    6385.901  1.008196
    6385.923  1.000274
    6385.945  0.9992512
    6385.967  0.9993408
    6385.989  0.9999692
    6386.011  1.004939
    6386.033  0.9966867
    6386.055  0.9920937
    6386.077  0.9983435
    6386.099  0.9990392
    6386.121  0.9992762
    6386.143  0.9972507
    6386.165  1.005204
    6386.187  1.01351
    6386.209  1.01059
    6386.231  1.005475
    6386.254  0.997689
    6386.276  0.9929003
    6386.298  0.9953501
    6386.320  1.00183
    6386.342  1.003552
    6386.364  0.9921501
    6386.386  0.9856155
    6386.408  0.9870338
    6386.430  0.9931793
    6386.452  1.001279
    6386.474  0.9954177
    6386.496  0.9881052
    6386.518  0.9899891
    6386.540  0.9943788
    6386.562  0.9949359
    6386.584  1.000457
    6386.606  1.004058
    6386.628  0.9962723
    6386.650  0.9972014
    6386.672  0.9980756
    6386.694  0.983856
    6386.716  0.9807105
    6386.738  0.9960878
    6386.760  0.9928638
    6386.782  0.9919064
    6386.804  0.9852576
    6386.826  0.9842246
    6386.848  0.9943205
    6386.870  0.9895354
    6386.893  0.9825463
    6386.915  0.9802429
    6386.937  0.9812273
    6386.959  0.9814129
    6386.981  0.9863564
    6387.003  0.9932809
    6387.025  0.9975629
    6387.047  0.9941924
    6387.069  0.9852753
    6387.091  0.9917058
    6387.113  0.9925401
    6387.135  0.9994335
    6387.157  1.005416
    6387.179  0.9864657
    6387.201  0.9835714
    6387.223  0.9973654
    6387.245  1.005253
    6387.267  1.005521
    6387.289  1.000575
    6387.311  0.9944353
    6387.333  0.9971549
    6387.355  1.006112
    6387.377  1.000361
    6387.399  0.9974079
    6387.421  1.006152
    6387.443  1.013055
    6387.465  1.005973
    6387.487  0.9981443
    6387.509  1.005819
    6387.532  1.013412
    6387.554  1.000676
    6387.576  1.001447
    6387.598  1.010722
    6387.620  1.010267
    6387.642  1.004875
    6387.664  0.9974922
    6387.686  0.99811
    6387.708  0.9989929
    6387.730  0.9917436
    6387.752  0.9894812
    6387.774  0.9841682
    6387.796  0.9853879
    6387.818  0.985985
    6387.840  0.9830897
    6387.862  0.9772007
    6387.884  0.9789633
    6387.906  0.9808735
    6387.928  0.977875
    6387.950  0.9796129
    6387.972  0.9947999
    6387.994  1.004284
    6388.016  0.9939712
    6388.038  0.996031
    6388.060  0.9925213
    6388.082  0.9884854
    6388.104  0.998763
    6388.126  1.003561
    6388.148  0.9933326
    6388.171  0.9958628
    6388.193  1.00584
    6388.215  1.010524
    6388.237  1.008649
    6388.259  1.000779
    6388.281  0.9913045
    6388.303  0.9883041
    6388.325  0.9961473
    6388.347  0.9958055
    6388.369  1.005211
    6388.391  1.002674
    6388.413  1.007029
    6388.435  1.007057
    6388.457  1.002848
    6388.479  0.9978543
    6388.501  1.00221
    6388.523  1.003931
    6388.545  1.000895
    6388.567  0.9887941
    6388.589  0.987125
    6388.611  0.9881949
    6388.633  0.9898887
    6388.655  0.9975594
    6388.677  1.001409
    6388.699  0.99978
    6388.721  1.000015
    6388.743  0.9873661
    6388.765  0.9890373
    6388.787  0.9963275
    6388.810  0.9975576
    6388.832  1.003072
    6388.854  0.999416
    6388.876  0.9998335
    6388.898  0.9986687
    6388.920  0.9979082
    6388.942  1.002333
    6388.964  0.993023
    6388.986  0.9973098
    6389.008  1.011188
    6389.030  1.005396
    6389.052  0.9950328
    6389.074  1.002059
    6389.096  1.005293
    6389.118  1.002902
    6389.140  1.010102
    6389.162  1.002609
    6389.184  1.004466
    6389.206  1.010937
    6389.228  1.013536
    6389.250  1.009787
    6389.272  1.008177
    6389.294  1.013511
    6389.316  1.014205
    6389.338  1.010991
    6389.360  1.003761
    6389.382  1.000178
    6389.404  1.009444
    6389.426  1.013133
    6389.449  0.9981993
    6389.471  0.9974601
    6389.493  1.004516
    6389.515  1.001313
    6389.537  0.9974741
    6389.559  1.006544
    6389.581  1.016151
    6389.603  1.005637
    6389.625  0.9999465
    6389.647  1.006902
    6389.669  1.002594
    6389.691  1.000883
    6389.713  1.006688
    6389.735  1.015604
    6389.757  1.009485
    6389.779  0.9969314
    6389.801  1.001701
    6389.823  0.9988893
    6389.845  0.9943279
    6389.867  1.00389
    6389.889  1.015434
    6389.911  1.010924
    6389.933  1.000654
    6389.955  1.005499
    6389.977  1.008603
    6389.999  1.002267
    6390.021  0.9962063
    6390.043  0.9983501
    6390.066  1.002966
    6390.088  0.998551
    6390.110  0.9917814
    6390.132  0.996125
    6390.154  1.010653
    6390.176  1.014997
    6390.198  1.004405
    6390.220  0.9949361
    6390.242  1.00695
    6390.264  1.000587
    6390.286  0.9928965
    6390.308  1.001053
    6390.330  1.001788
    6390.352  0.9990804
    6390.374  1.002909
    6390.396  1.004682
    6390.418  0.9917439
    6390.440  0.9912277
    6390.462  1.004164
    6390.484  1.002413
    6390.506  0.9921257
    6390.528  1.000795
    6390.550  1.007338
    6390.572  1.007427
    6390.594  1.01014
    6390.616  1.002995
    6390.638  0.9991184
    6390.660  1.004357
    6390.682  1.007415
    6390.705  1.017435
    6390.727  1.015383
    6390.749  1.016563
    6390.771  1.008382
    6390.793  0.9879388
    6390.815  0.9859921
    6390.837  0.9976953
    6390.859  1.00404
    6390.881  1.009748
    6390.903  1.01566
    6390.925  1.003498
    6390.947  0.9920451
    6390.969  1.005721
    6390.991  1.004281
    6391.013  0.9996516
    6391.035  1.007473
    6391.057  1.003929
    6391.079  1.004878
    6391.101  1.006804
    6391.123  0.9965113
    6391.145  0.9972331
    6391.167  0.9969938
    6391.189  1.006577
    6391.211  1.007839
    6391.233  0.9978158
    6391.255  0.9916407
    6391.277  1.003402
    6391.299  1.013337
    6391.321  1.011201
    6391.344  1.009301
    6391.366  1.004628
    6391.388  0.9992495
    6391.410  1.006961
    6391.432  1.017739
    6391.454  1.010206
    6391.476  1.005237
    6391.498  1.015508
    6391.520  1.017649
    6391.542  1.005366
    6391.564  0.9999073
    6391.586  1.003288
    6391.608  0.9966714
    6391.630  0.9914424
    6391.652  0.9905144
    6391.674  0.9894038
    6391.696  0.9977952
    6391.718  1.013049
    6391.740  1.009994
    6391.762  0.9943503
    6391.784  0.9943215
    6391.806  0.9994716
    6391.828  1.006294
    6391.850  1.003035
    6391.872  1.005175
    6391.894  1.00838
    6391.916  1.004986
    6391.938  1.008396
    6391.960  1.004716
    6391.983  0.9942418
    6392.005  0.992356
    6392.027  0.9938214
    6392.049  1.000678
    6392.071  1.008591
    6392.093  1.008435
    6392.115  1.000019
    6392.137  0.9902295
    6392.159  0.9949193
    6392.181  1.01174
    6392.203  1.007605
    6392.225  0.9894976
    6392.247  0.9906725
    6392.269  1.00579
    6392.291  1.002219
    6392.313  0.9951691
    6392.335  0.9987193
    6392.357  1.003071
    6392.379  1.001147
    6392.401  1.004478
    6392.423  0.9971282
    6392.445  0.9942412
    6392.467  1.00635
    6392.489  1.004752
    6392.511  1.007387
    6392.533  1.012023
    6392.555  1.006247
    6392.577  0.9960877
    6392.599  1.000213
    6392.622  1.006441
    6392.644  1.011058
    6392.666  1.015534
    6392.688  1.014503
    6392.710  1.003857
    6392.732  0.9890175
    6392.754  0.9934212
    6392.776  1.000657
    6392.798  1.006661
    6392.820  1.009041
    6392.842  1.009641
    6392.864  1.010973
    6392.886  1.006729
    6392.908  0.9906573
    6392.930  0.9828311
    6392.952  0.9810117
    6392.974  0.9749157
    6392.996  0.9705734
    6393.018  0.9612098
    6393.040  0.9468255
    6393.062  0.9322974
    6393.084  0.929968
    6393.106  0.9259653
    6393.128  0.9168026
    6393.150  0.9099236
    6393.172  0.9034285
    6393.194  0.8834586
    6393.216  0.8852544
    6393.238  0.8778926
    6393.261  0.8806261
    6393.283  0.8844807
    6393.305  0.8857496
    6393.327  0.8937063
    6393.349  0.8941539
    6393.371  0.8947995
    6393.393  0.9078817
    6393.415  0.9200546
    6393.437  0.9269937
    6393.459  0.9333674
    6393.481  0.9312447
    6393.503  0.9427403
    6393.525  0.9553617
    6393.547  0.9646152
    6393.569  0.9727381
    6393.591  0.9819423
    6393.613  0.9962336
    6393.635  0.9967477
    6393.657  0.9912484
    6393.679  0.9947526
    6393.701  0.9923185
    6393.723  0.985521
    6393.745  0.9942144
    6393.767  0.993638
    6393.789  0.9916029
    6393.811  0.9940432
    6393.833  0.9910679
    6393.855  0.9878177
    6393.877  0.986428
    6393.900  0.9931171
    6393.922  0.9894316
    6393.944  0.9882043
    6393.966  1.003282
    6393.988  1.000605
    6394.010  0.9937183
    6394.032  0.9931201
    6394.054  0.9997119
    6394.076  0.9980637
    6394.098  0.9933171
    6394.120  0.9966677
    6394.142  1.000433
    6394.164  0.9982432
    6394.186  0.9903411
    6394.208  1.000075
    6394.230  1.005543
    6394.252  1.009352
    6394.274  1.011028
    6394.296  0.9974924
    6394.318  0.9856576
    6394.340  0.9905097
    6394.362  1.006016
    6394.384  1.003032
    6394.406  0.9949917
    6394.428  1.00234
    6394.450  1.000278
    6394.472  0.9966776
    6394.494  0.9977383
    6394.516  0.9979624
    6394.539  0.9989346
    6394.561  1.003276
    6394.583  1.005123
    6394.605  1.00266
    6394.627  0.9981582
    6394.649  0.998766
    6394.671  0.9930975
    6394.693  0.9898129
    6394.715  0.9970359
    6394.737  1.004852
    6394.759  0.996816
    6394.781  0.9872957
    6394.803  0.9816062
    6394.825  0.9905114
    6394.847  0.9885823
    6394.869  0.980409
    6394.891  0.9860234
    6394.913  0.9951171
    6394.935  0.9981733
    6394.957  0.9884123
    6394.979  1.007224
    6395.001  1.00816
    6395.023  1.000953
    6395.045  1.003501
    6395.067  1.006086
    6395.089  1.002842
    6395.111  1.008872
    6395.133  1.003014
    6395.156  0.9994698
    6395.178  1.00315
    6395.200  0.9997005
    6395.222  0.9950855
    6395.244  0.9988131
    6395.266  1.001506
    6395.288  0.9946098
    6395.310  0.9971335
    6395.332  1.001995
    6395.354  1.004448
    6395.376  0.9972146
    6395.398  0.9979768
    6395.420  1.005921
    6395.442  1.010112
    6395.464  1.003105
    6395.486  0.998597
    6395.508  1.010174
    6395.530  1.004169
    6395.552  0.991914
    6395.574  0.9929661
    6395.596  1.002366
    6395.618  1.0001
    6395.640  0.9969896
    6395.662  0.9994038
    6395.684  1.000097
    6395.706  0.9958065
    6395.728  1.002496
    6395.750  1.006024
    6395.772  1.011101
    6395.795  1.011709
    6395.817  1.001799
    6395.839  1.002814
    6395.861  0.9995706
    6395.883  0.9977166
    6395.905  1.002991
    6395.927  0.9991338
    6395.949  1.004478
    6395.971  1.004016
    6395.993  1.002523
    6396.015  0.9966522
    6396.037  0.9885586
    6396.059  0.9964454
    6396.081  1.000351
    6396.103  1.002249
    6396.125  0.9995083
    6396.147  0.9965856
    6396.169  0.9989664
    6396.191  1.000367
    6396.213  0.9946979
    6396.235  0.9948242
    6396.257  1.002262
    6396.279  1.001921
    6396.301  0.9956495
    6396.323  0.9957689
    6396.345  1.001879
    6396.367  0.9936533
    6396.389  0.9904425
    6396.411  1.000613
    6396.434  0.9946817
    6396.456  0.9871298
    6396.478  0.9917971
    6396.500  0.9927143
    6396.522  0.984404
    6396.544  0.9744216
    6396.566  0.9699102
    6396.588  0.9644051
    6396.610  0.9617391
    6396.632  0.9467628
    6396.654  0.9314818
    6396.676  0.9293324
    6396.698  0.9159189
    6396.720  0.9066893
    6396.742  0.9012865
    6396.764  0.8917515
    6396.786  0.8941859
    6396.808  0.8889869
    6396.830  0.88167
    6396.852  0.8801579
    6396.874  0.8822022
    6396.896  0.8819484
    6396.918  0.8951759
    6396.940  0.9083669
    6396.962  0.9126804
    6396.984  0.9158259
    6397.006  0.9369696
    6397.028  0.9446519
    6397.050  0.9447488
    6397.073  0.9524734
    6397.095  0.9646477
    6397.117  0.9697209
    6397.139  0.9761034
    6397.161  0.9819616
    6397.183  0.9932227
    6397.205  0.9902529
    6397.227  0.984753
    6397.249  0.9835308
    6397.271  0.987454
    6397.293  0.9989277
    6397.315  0.9962882
    6397.337  0.9850708
    6397.359  0.990547
    6397.381  0.9955451
    6397.403  0.9970602
    6397.425  0.9995279
    6397.447  0.99541
    6397.469  0.9944589
    6397.491  1.000737
    6397.513  0.9958626
    6397.535  0.992161
    6397.557  0.996576
    6397.579  0.9936259
    6397.601  0.9906128
    6397.623  0.9892276
    6397.645  0.9945846
    6397.667  0.9937453
    6397.689  0.9972764
    6397.712  0.9991981
    6397.734  0.9914289
    6397.756  0.9964985
    6397.778  1.008036
    6397.800  1.008141
    6397.822  1.002048
    6397.844  1.008923
    6397.866  1.002808
    6397.888  0.9888315
    6397.910  0.9809508
    6397.932  0.9865075
    6397.954  0.9970626
    6397.976  0.9976019
    6397.998  1.000181
    6398.020  0.9980043
    6398.042  1.000297
    6398.064  1.01567
    6398.086  1.014554
    6398.108  1.008807
    6398.130  1.007698
    6398.152  0.9958646
    6398.174  0.9910567
    6398.196  0.9911309
    6398.218  0.9916586
    6398.240  0.9949811
    6398.262  0.9939743
    6398.284  0.9919649
    6398.306  0.997775
    6398.328  0.9897326
    6398.351  0.9916241
    6398.373  0.9965642
    6398.395  0.9926034
    6398.417  0.9940622
    6398.439  0.9863712
    6398.461  0.9842848
    6398.483  0.9859309
    6398.505  0.9951887
    6398.527  0.9942031
    6398.549  0.9861246
    6398.571  0.9812201
    6398.593  0.9885174
    6398.615  0.9986918
    6398.637  1.00838
    6398.659  0.998769
    6398.681  0.9894323
    6398.703  1.004167
    6398.725  1.013432
    6398.747  1.004392
    6398.769  0.9869084
    6398.791  0.9920085
    6398.813  1.006901
    6398.835  1.010663
    6398.857  1.006645
    6398.879  1.00695
    6398.901  0.9944122
    6398.923  1.000534
    6398.945  1.011553
    6398.967  0.9925175
    6398.990  0.9812144
    6399.012  0.9927513
    6399.034  1.00411
    6399.056  1.011331
    6399.078  1.006864
    6399.100  0.9936092
    6399.122  0.9939567
    6399.144  0.9940454
    6399.166  0.9856933
    6399.188  0.9867146
    6399.210  0.9991717
    6399.232  0.9926286
    6399.254  0.9858205
    6399.276  0.9900184
    6399.298  0.9916322
    6399.320  0.982565
    6399.342  0.9695849
    6399.364  0.9627261
    6399.386  0.9601281
    6399.408  0.9567682
    6399.430  0.9515491
    6399.452  0.9418321
    6399.474  0.9257392
    6399.496  0.9136738
    6399.518  0.9039161
    6399.540  0.8986744
    6399.562  0.8875635
    6399.584  0.8760689
    6399.607  0.8699535
    6399.629  0.8532963
    6399.651  0.8575813
    6399.673  0.8606143
    6399.695  0.8567934
    6399.717  0.8584075
    6399.739  0.8600659
    6399.761  0.8713645
    6399.783  0.8720853
    6399.805  0.8709479
    6399.827  0.8864782
    6399.849  0.9027222
    6399.871  0.9098207
    6399.893  0.9228821
    6399.915  0.9220684
    6399.937  0.929689
    6399.959  0.9352335
    6399.981  0.9353204
    6400.003  0.9431067
    6400.025  0.9591228
    6400.047  0.9574257
    6400.069  0.957409
    6400.091  0.9607752
    6400.113  0.9697153
    6400.135  0.981927
    6400.157  0.9752424
    6400.179  0.9864789
    6400.201  0.9945376
    6400.223  0.9931825
    6400.246  0.9837027
    6400.268  0.9880151
    6400.290  0.9922754
    6400.312  1.00042
    6400.334  0.9925473
    6400.356  0.9986591
    6400.378  1.007297
    6400.400  0.9939105
    6400.422  0.9985346
    6400.444  1.00782
    6400.466  1.001177
    6400.488  1.000204
    6400.510  1.006778
    6400.532  1.017472
    6400.554  1.011158
    6400.576  0.9928433
    6400.598  0.9968568
    6400.620  0.9895871
    6400.642  0.993988
    6400.664  1.004564
    6400.686  0.9960222
    6400.708  0.991456
    6400.730  1.012505
    6400.752  1.01759
    6400.774  1.007814
    6400.796  0.9934984
    6400.818  0.9883262
    6400.840  1.000115
    6400.862  1.005263
    6400.885  0.9973007
    6400.907  0.9915453
    6400.929  1.007119
    6400.951  1.011658
    6400.973  1.001097
    6400.995  0.9997657
    6401.017  0.9927338
    6401.039  0.9892209
    6401.061  0.992879
    6401.083  0.9994425
    6401.105  0.9962811
    6401.127  0.9941519
    6401.149  1.000639
    6401.171  1.00959
    6401.193  1.000689
    6401.215  0.9924724
    6401.237  0.9912455
    6401.259  0.9941062
    6401.281  1.004938
    6401.303  1.01215
    6401.325  1.000301
    6401.347  0.9940751
    6401.369  0.9899778
    6401.391  0.9950327
    6401.413  0.9936135
    6401.435  1.000669
    6401.457  1.015314
    6401.479  1.000769
    6401.501  0.9957513
    6401.524  1.001366
    6401.546  1.002709
    6401.568  1.004972
    6401.590  1.007873
    6401.612  1.014823
    6401.634  1.01204
    6401.656  1.003179
    6401.678  0.9949302
    6401.700  0.9894676
    6401.722  0.9975546
    6401.744  1.000407
    6401.766  1.002823
    6401.788  1.006634
    6401.810  1.003627
    6401.832  0.9945519
    6401.854  0.9873616
    6401.876  0.9965835
    6401.898  1.004563
    6401.920  1.000482
    6401.942  1.0015
    6401.964  1.012537
    6401.986  1.013291
    6402.008  1.002739
    6402.030  0.9943867
    6402.052  0.993109
    6402.074  0.9958395
    6402.096  0.9917511
    6402.118  0.9889213
    6402.140  1.005798
    6402.163  1.008275
    6402.185  0.9978311
    6402.207  1.003956
    6402.229  0.9986428
    6402.251  0.9965606
    6402.273  1.00387
    6402.295  1.000185
    6402.317  0.991379
    6402.339  0.9953862
    6402.361  0.9972488
    6402.383  0.9935027
    6402.405  0.9978611
    6402.427  1.004678
    6402.449  1.003892
    6402.471  1.000495
    6402.493  1.003396
    6402.515  1.007377
    6402.537  1.000888
    6402.559  1.001056
    6402.581  1.003473
    6402.603  1.010079
    6402.625  1.002989
    6402.647  0.9940825
    6402.669  0.9984266
    6402.691  1.001701
    6402.713  1.000325
    6402.735  0.9883202
    6402.757  0.988449
    6402.779  0.9963549
    6402.802  1.000186
    6402.824  0.9970184
    6402.846  0.9896156
    6402.868  0.9780037
    6402.890  0.9719707
    6402.912  0.9724678
    6402.934  0.968484
    6402.956  0.9531817
    6402.978  0.9490601
    6403.000  0.9341859
    6403.022  0.9289815
    6403.044  0.927579
    6403.066  0.92245
    6403.088  0.9116907
    6403.110  0.8941171
    6403.132  0.8823673
    6403.154  0.8752956
    6403.176  0.8710102
    6403.198  0.8710535
    6403.220  0.8671057
    6403.242  0.8661224
    6403.264  0.8642775
    6403.286  0.8647908
    6403.308  0.8706594
    6403.330  0.8687153
    6403.352  0.8744867
    6403.374  0.8858974
    6403.396  0.8976286
    6403.418  0.9083241
    6403.441  0.91609
    6403.463  0.9222328
    6403.485  0.9326087
    6403.507  0.9352956
    6403.529  0.9414687
    6403.551  0.9431378
    6403.573  0.9419802
    6403.595  0.9475234
    6403.617  0.9536159
    6403.639  0.9715162
    6403.661  0.9791462
    6403.683  0.9820333
    6403.705  0.9852221
    6403.727  0.9850512
    6403.749  0.9904668
    6403.771  0.9874193
    6403.793  0.9890519
    6403.815  0.9988779
    6403.837  0.9915226
    6403.859  0.9912429
    6403.881  1.001323
    6403.903  0.9861075
    6403.925  0.9941782
    6403.947  1.000593
    6403.969  0.9951788
    6403.991  0.99066
    6404.013  1.002661
    6404.035  1.006101
    6404.057  1.002013
    6404.080  1.004152
    6404.102  1.005986
    6404.124  1.004833
    6404.146  1.005489
    6404.168  1.005837
    6404.190  1.002414
    6404.212  1.002745
    6404.234  1.002587
    6404.256  1.012115
    6404.278  1.014698
    6404.300  1.007473
    6404.322  1.00594
    6404.344  1.011745
    6404.366  1.0102
    6404.388  1.003883
    6404.410  1.005365
    6404.432  1.002109
    6404.454  1.001503
    6404.476  1.000894
    6404.498  0.9953068
    6404.520  0.9998147
    6404.542  1.00485
    6404.564  1.008377
    6404.586  1.012526
    6404.608  1.008121
    6404.630  1.005453
    6404.652  1.003898
    6404.674  0.9996312
    6404.697  1.005915
    6404.719  1.005357
    6404.741  1.00409
    6404.763  1.006686
    6404.785  1.00917
    6404.807  1.011141
    6404.829  1.001548
    6404.851  0.9891675
    6404.873  1.003989
    6404.895  1.017359
    6404.917  1.00312
    6404.939  0.9976164
    6404.961  1.000803
    6404.983  1.002488
    6405.005  0.9974733
    6405.027  0.9941384
    6405.049  0.9869941
    6405.071  0.9917133
    6405.093  1.001349
    6405.115  1.008845
    6405.137  1.002439
    6405.159  0.9892122
    6405.181  0.9908657
    6405.203  0.9844682
    6405.225  0.9927763
    6405.247  0.9973758
    6405.269  0.9990907
    6405.291  1.005828
    6405.313  0.9938632
    6405.336  0.9831447
    6405.358  0.9920351
    6405.380  0.992465
    6405.402  0.9925411
    6405.424  0.9975518
    6405.446  0.9947248
    6405.468  0.9856129
    6405.490  0.9833828
    6405.512  0.9921672
    6405.534  0.9876947
    6405.556  0.9849463
    6405.578  0.9903876
    6405.600  0.9843733
    6405.622  0.9851024
    6405.644  0.9954783
    6405.666  0.9978883
    6405.688  0.9942611
    6405.710  0.9903278
    6405.732  0.9936211
    6405.754  1.002764
    6405.776  1.007189
    6405.798  1.004593
    6405.820  1.001132
    6405.842  0.9978297
    6405.864  0.9978512
    6405.886  1.007684
    6405.908  1.010398
    6405.930  0.9985407
    6405.952  0.9962839
    6405.975  1.009078
    6405.997  1.003645
    6406.019  1.001893
    6406.041  1.004553
    6406.063  0.9952497
    6406.085  1.010695
    6406.107  1.009745
    6406.129  0.9911225
    6406.151  0.9868912
    6406.173  0.9960495
    6406.195  0.9999498
    6406.217  1.00401
    6406.239  0.9985099
    6406.261  0.9950449
    6406.283  1.007886
    6406.305  1.00906
    6406.327  1.001665
    6406.349  0.9990639
    6406.371  1.00278
    6406.393  1.004019
    6406.415  1.010802
    6406.437  0.9979423
    6406.459  0.988848
    6406.481  0.9991863
    6406.503  1.003586
    6406.525  0.9966194
    6406.547  0.9927154
    6406.569  0.9887349
    6406.591  0.9916736
    6406.614  0.9982505
    6406.636  1.000922
    6406.658  0.9906047
    6406.680  0.9825557
    6406.702  0.977677
    6406.724  0.9762861
    6406.746  0.9726344
    6406.768  0.9758034
    6406.790  0.9831651
    6406.812  0.9735774
    6406.834  0.9725285
    6406.856  0.9668075
    6406.878  0.9651217
    6406.900  0.9681615
    6406.922  0.9625742
    6406.944  0.95791
    6406.966  0.9574674
    6406.988  0.9608347
    6407.010  0.9711871
    6407.032  0.9698395
    6407.054  0.9712583
    6407.076  0.9790497
    6407.098  0.9761083
    6407.120  0.9735395
    6407.142  0.9766163
    6407.164  0.9803226
    6407.186  0.9822676
    6407.208  0.9773045
    6407.230  0.9793141
    6407.253  0.9764549
    6407.275  0.9918951
    6407.297  0.9876016
    6407.319  0.9859469
    6407.341  0.986309
    6407.363  0.9860556
    6407.385  0.9834388
    6407.407  0.9765731
    6407.429  0.9598191
    6407.451  0.9544402
    6407.473  0.9537644
    6407.495  0.95626
    6407.517  0.9510253
    6407.539  0.9397383
    6407.561  0.9335489
    6407.583  0.9299553
    6407.605  0.9126103
    6407.627  0.9202292
    6407.649  0.9180797
    6407.671  0.9092988
    6407.693  0.9102286
    6407.715  0.9162051
    6407.737  0.92119
    6407.759  0.921376
    6407.781  0.9302908
    6407.803  0.9322546
    6407.825  0.9479101
    6407.847  0.9515374
    6407.869  0.9504657
    6407.892  0.964589
    6407.914  0.976325
    6407.936  0.9760054
    6407.958  0.9717434
    6407.980  0.9820607
    6408.002  0.9827012
    6408.024  0.9871396
    6408.046  0.9801858
    6408.068  0.9812717
    6408.090  0.996872
    6408.112  0.9972619
    6408.134  1.001315
    6408.156  0.9996218
    6408.178  0.9905478
    6408.200  0.996476
    6408.222  0.9912665
    6408.244  0.9951389
    6408.266  0.9974781
    6408.288  1.001724
    6408.310  0.9880206
    6408.332  0.9891129
    6408.354  0.996592
    6408.376  0.9973001
    6408.398  0.9847804
    6408.420  0.9743366
    6408.442  0.9849876
    6408.464  1.006259
    6408.486  1.006165
    6408.508  1.001434
    6408.531  0.9989275
    6408.553  1.000414
    6408.575  0.999908
    6408.597  0.9963472
    6408.619  1.00097
    6408.641  1.005236
    6408.663  1.000158
    6408.685  0.9974028
    6408.707  0.9952779
    6408.729  0.9942095
    6408.751  0.9965395
    6408.773  0.9986269
    6408.795  1.001128
    6408.817  0.991856
    6408.839  0.9906846
    6408.861  0.9940107
    6408.883  0.9850394
    6408.905  0.9787386
    6408.927  0.982929
    6408.949  0.9833936
    6408.971  0.9849423
    6408.993  0.996415
    6409.015  0.9947821
    6409.037  0.9934034
    6409.059  0.9981233
    6409.081  1.003189
    6409.103  1.007445
    6409.125  0.9956446
    6409.148  0.9920239
    6409.170  0.9948539
    6409.192  0.9958331
    6409.214  1.005698
    6409.236  1.008516
    6409.258  0.9920188
    6409.280  0.9950482
    6409.302  0.9910854
    6409.324  1.006142
    6409.346  1.01607
    6409.368  0.9992281
    6409.390  1.003115
    6409.412  1.004412
    6409.434  0.992839
    6409.456  0.9955229
    6409.478  0.9933269
    6409.500  0.9917037
    6409.522  0.999764
    6409.544  0.9903464
    6409.566  0.983224
    6409.588  0.9968725
    6409.610  1.002406
    6409.632  0.9956762
    6409.654  1.007908
    6409.676  1.01191
    6409.698  1.011707
    6409.720  1.010132
    6409.742  1.004861
    6409.764  1.00994
    6409.787  1.004104
    6409.809  1.009962
    6409.831  1.004742
    6409.853  1.000065
    6409.875  1.011485
    6409.897  1.00251
    6409.919  1.005921
    6409.941  1.003536
    6409.963  1.005601
    6409.985  0.9984421
    6410.007  1.018057
    6410.029  1.015995
    6410.051  1.001363
    6410.073  0.9985659
    6410.095  0.9989958
    6410.117  1.002674
    6410.139  1.001675
    6410.161  0.994808
    6410.183  0.9922436
    6410.205  0.987104
    6410.227  0.9900224
    6410.249  0.989426
    6410.271  0.9864515
    6410.293  0.9835314
    6410.315  0.9784129
    6410.337  0.9659553
    6410.359  0.9653926
    6410.381  0.9713955
    6410.403  0.970085
    6410.426  0.9618303
    6410.448  0.9662086
    6410.470  0.9712993
    6410.492  0.9645252
    6410.514  0.9480823
    6410.536  0.9487382
    6410.558  0.9576966
    6410.580  0.9625342
    6410.602  0.960023
    6410.624  0.9560624
    6410.646  0.9625438
    6410.668  0.9685983
    6410.690  0.9689714
    6410.712  0.9650462
    6410.734  0.9651451
    6410.756  0.9727237
    6410.778  0.9786716
    6410.800  0.9837896
    6410.822  0.9700974
    6410.844  0.9800088
    6410.866  0.9703159
    6410.888  0.9683995
    6410.910  0.9730096
    6410.932  0.9694141
    6410.954  0.9619994
    6410.976  0.956339
    6410.998  0.9491536
    6411.020  0.9344332
    6411.042  0.92593
    6411.065  0.9143999
    6411.087  0.8955829
    6411.109  0.8769624
    6411.131  0.865899
    6411.153  0.8573333
    6411.175  0.8427262
    6411.197  0.8297922
    6411.219  0.8149807
    6411.241  0.8076543
    6411.263  0.8137243
    6411.285  0.8087093
    6411.307  0.8043966
    6411.329  0.8063545
    6411.351  0.8223417
    6411.373  0.8347673
    6411.395  0.8396605
    6411.417  0.8554426
    6411.439  0.8813441
    6411.461  0.898066
    6411.483  0.9092016
    6411.505  0.9197342
    6411.527  0.9349096
    6411.549  0.9400707
    6411.571  0.9468331
    6411.593  0.9537608
    6411.615  0.9591656
    6411.637  0.9702966
    6411.659  0.9742349
    6411.681  0.9791993
    6411.704  0.9896811
    6411.726  1.003384
    6411.748  0.9894856
    6411.770  0.9868491
    6411.792  0.9978744
    6411.814  0.9960405
    6411.836  0.9836228
    6411.858  0.9844918
    6411.880  0.9987667
    6411.902  0.9961187
    6411.924  0.9882218
    6411.946  0.9970011
    6411.968  1.005606
    6411.990  1.008733
    6412.012  1.00461
    6412.034  0.9984608
    6412.056  0.9985956
    6412.078  0.9904492
    6412.100  0.9986631
    6412.122  1.010401
    6412.144  1.002961
    6412.166  1.004613
    6412.188  1.007646
    6412.210  0.998601
    6412.232  0.9948637
    6412.254  0.9921889
    6412.276  0.9955075
    6412.298  1.00469
    6412.320  1.004569
    6412.343  1.005552
    6412.365  1.003326
    6412.387  1.000926
    6412.409  1.002933
    6412.431  1.012251
    6412.453  1.009184
    6412.475  1.00635
    6412.497  0.9989548
    6412.519  1.001381
    6412.541  1.010448
    6412.563  0.9998172
    6412.585  0.9998913
    6412.607  1.003313
    6412.629  0.9924483
    6412.651  0.9960669
    6412.673  1.002955
    6412.695  1.010407
    6412.717  1.00199
    6412.739  0.9995188
    6412.761  0.9982484
    6412.783  1.008934
    6412.805  1.017199
    6412.827  1.007409
    6412.849  0.9973883
    6412.871  0.9966272
    6412.893  1.010968
    6412.915  1.00854
    6412.937  0.9978991
    6412.959  0.9998128
    6412.982  1.002271
    6413.004  1.008079
    6413.026  0.9968827
    6413.048  1.000412
    6413.070  1.005516
    6413.092  1.000175
    6413.114  0.9966649
    6413.136  1.001566
    6413.158  0.9980246
    6413.180  1.014012
    6413.202  1.009263
    6413.224  1.000514
    6413.246  1.007085
    6413.268  1.00949
    6413.290  1.011525
    6413.312  1.007576
    6413.334  1.001821
    6413.356  1.002389
    6413.378  1.007549
    6413.400  1.010173
    6413.422  1.000991
    6413.444  0.9992598
    6413.466  1.003904
    6413.488  1.004264
    6413.510  1.004395
    6413.532  1.007112
    6413.554  1.009928
    6413.576  1.004916
    6413.599  1.007954
    6413.621  1.010984
    6413.643  1.00354
    6413.665  1.000106
    6413.687  1.002445
    6413.709  1.013329
    6413.731  1.013804
    6413.753  1.001225
    6413.775  1.006899
    6413.797  1.013571
    6413.819  1.008238
    6413.841  1.002432
    6413.863  1.009459
    6413.885  0.9837323
    6413.907  0.9770924
    6413.929  0.9913116
    6413.951  1.000344
    6413.973  0.9992948
    6413.995  0.9983734
    6414.017  1.005958
    6414.039  0.9893561
    6414.061  0.9817383
    6414.083  0.9824181
    6414.105  0.9791807
    6414.127  0.9924134
    6414.149  0.9982295
    6414.171  0.9840998
    6414.193  0.9795949
    6414.215  0.98794
    6414.238  0.9885006
    6414.260  0.9835237
    6414.282  0.9780038
    6414.304  0.9833427
    6414.326  0.9810147
    6414.348  0.9670385
    6414.370  0.9670277
    6414.392  0.9879212
    6414.414  0.9796519
    6414.436  0.9632643
    6414.458  0.9538479
    6414.480  0.9472535
    6414.502  0.9528102
    6414.524  0.9597929
    6414.546  0.9519312
    6414.568  0.9424367
    6414.590  0.9314904
    6414.612  0.9221857
    6414.634  0.9235344
    6414.656  0.917501
    6414.678  0.9025282
    6414.700  0.8937566
    6414.722  0.9006134
    6414.744  0.8888183
    6414.766  0.8815631
    6414.788  0.8755418
    6414.810  0.8673753
    6414.832  0.8727889
    6414.854  0.8714945
    6414.877  0.8677526
    6414.899  0.8717469
    6414.921  0.8721328
    6414.943  0.8813215
    6414.965  0.8948011
    6414.987  0.9072328
    6415.009  0.9182674
    6415.031  0.9307268
    6415.053  0.9313577
    6415.075  0.9305488
    6415.097  0.9324294
    6415.119  0.9490472
    6415.141  0.9613094
    6415.163  0.9700544
    6415.185  0.973673
    6415.207  0.9846469
    6415.229  0.9816719
    6415.251  0.9821723
    6415.273  0.9886335
    6415.295  0.9810973
    6415.317  0.9914613
    6415.339  0.9980106
    6415.361  0.9861664
    6415.383  0.9910708
    6415.405  1.011008
    6415.427  1.002219
    6415.449  0.996957
    6415.471  1.002051
    6415.493  1.006918
    6415.516  1.003334
    6415.538  0.9940839
    6415.560  1.005162
    6415.582  1.012775
    6415.604  1.000577
    6415.626  0.9999002
    6415.648  1.007398
    6415.670  1.004885
    6415.692  0.9989264
    6415.714  0.9985933
    6415.736  0.999547
    6415.758  1.008691
    6415.780  1.001719
    6415.802  1.000714
    6415.824  0.9918798
    6415.846  0.9998404
    6415.868  0.9995522
    6415.890  0.9950136
    6415.912  1.005059
    6415.934  1.009998
    6415.956  1.001547
    6415.978  0.997448
    6416.000  1.009782
    6416.022  1.01395
    6416.044  1.001674
    6416.066  0.9995455
    6416.088  1.013148
    6416.110  1.012382
    6416.132  1.009905
    6416.155  0.9964194
    6416.177  0.9953277
    6416.199  0.9993021
    6416.221  1.001363
    6416.243  0.9971513
    6416.265  0.996712
    6416.287  0.988659
    6416.309  0.9804909
    6416.331  0.9731802
    6416.353  0.9723598
    6416.375  0.9685099
    6416.397  0.9605006
    6416.419  0.9549007
    6416.441  0.967949
    6416.463  0.952157
    6416.485  0.9453826
    6416.507  0.9535064
    6416.529  0.9353554
    6416.551  0.9397207
    6416.573  0.9362042
    6416.595  0.9374183
    6416.617  0.9389745
    6416.639  0.946943
    6416.661  0.9507095
    6416.683  0.9486781
    6416.705  0.9474935
    6416.727  0.9581431
    6416.749  0.9725325
    6416.771  0.9752674
    6416.794  0.9778329
    6416.816  0.978414
    6416.838  0.9713548
    6416.860  0.9779744
    6416.882  0.9773127
    6416.904  0.9868096
    6416.926  1.003385
    6416.948  1.000928
    6416.970  0.9939122
    6416.992  1.001715
    6417.014  1.004323
    6417.036  0.9969904
    6417.058  1.005701
    6417.080  1.006027
    6417.102  0.9981309
    6417.124  0.9860669
    6417.146  0.9894053
    6417.168  1.006367
    6417.190  1.000708
    6417.212  0.9894577
    6417.234  0.9893156
    6417.256  0.9969861
    6417.278  0.9918315
    6417.300  0.9816911
    6417.322  0.9772127
    6417.344  0.9745044
    6417.366  0.992277
    6417.388  0.9902843
    6417.410  1.0004
    6417.433  1.003099
    6417.455  0.997651
    6417.477  0.9941654
    6417.499  1.001805
    6417.521  1.000224
    6417.543  0.9975598
    6417.565  1.002702
    6417.587  0.9978763
    6417.609  0.9974912
    6417.631  0.9952649
    6417.653  0.9930356
    6417.675  1.00677
    6417.697  0.9880304
    6417.719  0.9923831
    6417.741  0.9921191
    6417.763  0.9814697
    6417.785  0.9842164
    6417.807  0.9925458
    6417.829  0.986361
    6417.851  0.9809545
    6417.873  0.9907988
    6417.895  0.9778543
    6417.917  0.9758092
    6417.939  0.9801559
    6417.961  0.9699342
    6417.983  0.9699609
    6418.005  0.9777858
    6418.027  0.9818103
    6418.049  0.9862089
    6418.072  0.9656755
    6418.094  0.9567438
    6418.116  0.9618629
    6418.138  0.9630001
    6418.160  0.9609492
    6418.182  0.9629137
    6418.204  0.9687062
    6418.226  0.9713252
    6418.248  0.9704523
    6418.270  0.965089
    6418.292  0.9649044
    6418.314  0.9679284
    6418.336  0.9685643
    6418.358  0.965148
    6418.380  0.970848
    6418.402  0.9608881
    6418.424  0.9758679
    6418.446  0.9858923
    6418.468  0.9796414
    6418.490  0.9852587
    6418.512  0.9880167
    6418.534  0.9844263
    6418.556  0.9916761
    6418.578  0.9965488
    6418.600  1.001606
    6418.622  1.011348
    6418.644  1.000445
    6418.666  0.9858277
    6418.689  0.9928616
    6418.711  0.994607
    6418.733  0.990433
    6418.755  0.9990734
    6418.777  0.9970228
    6418.799  0.9904999
    6418.821  0.9951261
    6418.843  1.004681
    6418.865  1.002135
    6418.887  0.9926994
    6418.909  1.009587
    6418.931  1.01355
    6418.953  1.004614
    6418.975  0.9945505
    6418.997  1.000326
    6419.019  1.000148
    6419.041  0.9898847
    6419.063  0.9990627
    6419.085  0.9999243
    6419.107  1.000388
    6419.129  0.999319
    6419.151  0.998215
    6419.173  0.9915274
    6419.195  0.9838728
    6419.217  0.9862995
    6419.239  0.9873451
    6419.261  0.9930245
    6419.283  0.9757096
    6419.305  0.9686655
    6419.328  0.9708247
    6419.350  0.9583066
    6419.372  0.9569778
    6419.394  0.9558361
    6419.416  0.9522907
    6419.438  0.956677
    6419.460  0.9495452
    6419.482  0.9391907
    6419.504  0.9295863
    6419.526  0.914038
    6419.548  0.9195817
    6419.570  0.9329635
    6419.592  0.9253009
    6419.614  0.9229254
    6419.636  0.9428267
    6419.658  0.9229116
    6419.680  0.9109139
    6419.702  0.9291061
    6419.724  0.947495
    6419.746  0.9467416
    6419.768  0.954754
    6419.790  0.9627132
    6419.812  0.9696985
    6419.834  0.9653106
    6419.856  0.9521752
    6419.878  0.9472272
    6419.900  0.9618908
    6419.922  0.9681684
    6419.944  0.9565219
    6419.967  0.9408658
    6419.989  0.9506962
    6420.011  0.9498478
    6420.033  0.9552463
    6420.055  0.9457787
    6420.077  0.9344594
    6420.099  0.9441112
    6420.121  0.939664
    6420.143  0.9291343
    6420.165  0.9254643
    6420.187  0.9398736
    6420.209  0.9479079
    6420.231  0.9406917
    6420.253  0.9365554
    6420.275  0.934655
    6420.297  0.9489316
    6420.319  0.9593123
    6420.341  0.9639397
    6420.363  0.9607469
    6420.385  0.9742021
    6420.407  0.9899285
    6420.429  0.9871886
    6420.451  0.9900341
    6420.473  1.001693
    6420.495  0.99525
    6420.517  0.9928513
    6420.539  1.005499
    6420.561  1.000371
    6420.583  0.9946036
    6420.606  0.9873108
    6420.628  0.9871822
    6420.650  0.989272
    6420.672  0.9753252
    6420.694  0.9740871
    6420.716  0.9680527
    6420.738  0.9543141
    6420.760  0.9511458
    6420.782  0.9503729
    6420.804  0.950838
    6420.826  0.9379101
    6420.848  0.9294929
    6420.870  0.9178616
    6420.892  0.9084119
    6420.914  0.8936715
    6420.936  0.8892362
    6420.958  0.8829275
    6420.980  0.8823083
    6421.002  0.8902324
    6421.024  0.8884212
    6421.046  0.8954424
    6421.068  0.8910896
    6421.090  0.9019768
    6421.112  0.9056084
    6421.134  0.9183791
    6421.156  0.9323
    6421.178  0.9330782
    6421.200  0.9527395
    6421.222  0.9642065
    6421.245  0.9548038
    6421.267  0.967037
    6421.289  0.9689069
    6421.311  0.9843689
    6421.333  0.9856257
    6421.355  0.9849405
    6421.377  0.9904065
    6421.399  0.9885674
    6421.421  0.9865738
    6421.443  0.9960054
    6421.465  1.00735
    6421.487  1.008476
    6421.509  1.00104
    6421.531  1.00755
    6421.553  1.00115
    6421.575  1.001105
    6421.597  1.007559
    6421.619  1.01128
    6421.641  1.012037
    6421.663  1.009382
    6421.685  1.018369
    6421.707  1.01107
    6421.729  1.014555
    6421.751  1.010383
    6421.773  1.001395
    6421.795  0.9943317
    6421.817  0.9961351
    6421.839  1.003797
    6421.861  1.008843
    6421.884  1.012796
    6421.906  1.018392
    6421.928  1.001428
    6421.950  1.00091
    6421.972  0.9936797
    6421.994  0.9884446
    6422.016  0.9946133
    6422.038  1.002928
    6422.060  0.9957022
    6422.082  0.9959836
    6422.104  1.012216
    6422.126  1.008253
    6422.148  1.006656
    6422.170  1.007946
    6422.192  1.009173
    6422.214  0.9976696
    6422.236  0.9978948
    6422.258  1.003698
    6422.280  0.9992494
    6422.302  0.9817934
    6422.324  0.9705409
