    6382.750  1.004724
    6382.772  1.009521
    6382.794  0.9951425
    6382.816  0.995918
    6382.838  1.008296
    6382.860  1.010528
    6382.882  1.002958
    6382.904  1.0126
    6382.926  1.022806
    6382.948  1.022204
    6382.970  1.01592
    6382.992  1.004767
    6383.014  0.9921492
    6383.036  1.002673
    6383.058  1.020211
    6383.081  0.9992784
    6383.103  0.9919903
    6383.125  1.006803
    6383.147  0.9971622
    6383.169  0.9946111
    6383.191  1.00837
    6383.213  1.005394
    6383.235  0.9924648
    6383.257  0.9886687
    6383.279  0.9820343
    6383.301  0.98431
    6383.323  1.000376
    6383.345  0.9900541
    6383.367  1.001291
    6383.389  1.031482
    6383.411  1.016774
    6383.433  0.9970552
    6383.455  0.9958249
    6383.477  1.015012
    6383.499  1.024175
    6383.521  0.9916342
    6383.543  0.9789618
    6383.565  1.01029
    6383.587  1.000446
    6383.609  0.9941757
    6383.631  0.995326
    6383.653  0.9731407
    6383.675  0.9731765
    6383.697  0.9878361
    6383.719  1.002416
    6383.742  1.008551
    6383.764  1.014263
    6383.786  1.001777
    6383.808  0.9859592
    6383.830  1.01114
    6383.852  1.009538
    6383.874  1.010494
    6383.896  1.026156
    6383.918  1.024774
    6383.940  1.005399
    6383.962  0.9863849
    6383.984  0.9919065
    6384.006  1.005004
    6384.028  1.00358
    6384.050  0.9922642
    6384.072  1.004794
    6384.094  1.01074
    6384.116  0.992546
    6384.138  0.9927625
    6384.160  1.012075
    6384.182  1.02312
    6384.204  1.014183
    6384.226  1.000739
    6384.248  0.9823669
    6384.270  0.9801499
    6384.292  0.989742
    6384.314  0.9798135
    6384.336  0.9657975
    6384.358  0.9723322
    6384.381  0.9770295
    6384.403  0.9631225
    6384.425  0.9625062
    6384.447  0.962249
    6384.469  0.9629779
    6384.491  0.9776413
    6384.513  0.9817691
    6384.535  0.9868281
    6384.557  0.9798853
    6384.579  0.9754047
    6384.601  0.9882213
    6384.623  0.9850175
    6384.645  0.9848492
    6384.667  1.013549
    6384.689  1.016459
    6384.711  1.005
    6384.733  1.004929
    6384.755  1.005793
    6384.777  1.001397
    6384.799  0.9833488
    6384.821  0.990563
    6384.843  1.004138
    6384.865  1.013803
    6384.887  1.018228
    6384.909  0.9960245
    6384.931  0.9867126
    6384.953  1.007152
    6384.975  1.010566
    6384.997  0.9919949
    6385.019  0.9833382
    6385.042  0.9896768
    6385.064  0.9912903
    6385.086  0.9974643
    6385.108  0.9978204
    6385.130  0.9951966
    6385.152  0.9911138
    6385.174  0.9844038
    6385.196  0.9769409
    6385.218  0.9657167
    6385.240  0.975638
    6385.262  0.9712678
    6385.284  0.9662218
    6385.306  0.9631657
    6385.328  0.9610844
    6385.350  0.9626217
    6385.372  0.9679497
    6385.394  0.9958673
    6385.416  1.004299
    6385.438  0.9930162
    6385.460  0.9869366
    6385.482  0.9815617
    6385.504  0.9689973
    6385.526  0.9750254
    6385.548  0.985575
    6385.570  0.9837022
    6385.592  0.9932141
    6385.614  0.9913071
    6385.636  0.9839672
    6385.658  0.9945623
    6385.681  0.9963362
    6385.703  0.9985744
    6385.725  1.009004
    6385.747  1.000796
    6385.769  0.9806722
    6385.791  0.979807
    6385.813  0.9984909
    6385.835  0.9882889
    6385.857  0.9842035
    6385.879  1.01442
    6385.901  1.029289
    6385.923  1.028894
    6385.945  1.021195
    6385.967  0.9990838
    6385.989  0.9930727
    6386.011  0.9970467
    6386.033  0.9965292
    6386.055  1.019717
    6386.077  1.032566
    6386.099  1.024579
    6386.121  1.010966
    6386.143  1.001069
    6386.165  1.007363
    6386.187  1.010903
    6386.209  0.9931049
    6386.231  0.9824521
    6386.253  0.9752606
    6386.275  0.9659353
    6386.297  0.9644221
    6386.319  0.9800583
    6386.342  0.9930344
    6386.364  0.9847216
    6386.386  0.9674762
    6386.408  0.9741323
    6386.430  0.9759005
    6386.452  0.9638272
    6386.474  0.972615
    6386.496  0.9796747
    6386.518  0.9807619
    6386.540  0.9873379
    6386.562  0.9905613
    6386.584  0.9858389
    6386.606  0.9940438
    6386.628  1.01585
    6386.650  1.004703
    6386.672  0.9959812
    6386.694  1.01157
    6386.716  1.003469
    6386.738  0.9862602
    6386.760  0.9987451
    6386.782  1.016377
    6386.804  1.002784
    6386.826  0.9959988
    6386.848  1.014336
    6386.870  1.00739
    6386.892  0.9867792
    6386.914  0.9748395
    6386.936  0.9899743
    6386.958  1.007553
    6386.981  1.007387
    6387.003  0.9981123
    6387.025  0.9924892
    6387.047  0.997147
    6387.069  0.9887133
    6387.091  0.9906
    6387.113  1.005669
    6387.135  1.017218
    6387.157  1.007481
    6387.179  0.9949306
    6387.201  1.002834
    6387.223  1.006339
    6387.245  1.001716
    6387.267  1.007065
    6387.289  0.9961128
    6387.311  0.9840658
    6387.333  0.9973197
    6387.355  1.00198
    6387.377  0.9946185
    6387.399  0.9957268
    6387.421  1.002583
    6387.443  1.003481
    6387.465  0.9924728
    6387.487  0.99104
    6387.509  1.001985
    6387.531  0.9868709
    6387.553  1.001662
    6387.575  1.011973
    6387.597  1.004038
    6387.619  1.026495
    6387.642  1.01921
    6387.664  1.016133
    6387.686  1.007223
    6387.708  1.003153
    6387.730  1.023455
    6387.752  1.032389
    6387.774  1.006222
    6387.796  0.9872013
    6387.818  0.9799991
    6387.840  0.9989988
    6387.862  1.000294
    6387.884  0.9842007
    6387.906  1.001683
    6387.928  1.007558
    6387.950  0.9899204
    6387.972  0.9962243
    6387.994  0.9955134
    6388.016  0.9884112
    6388.038  1.010548
    6388.060  1.011671
    6388.082  0.996499
    6388.104  0.9890331
    6388.126  0.9971132
    6388.148  1.005718
    6388.170  1.002104
    6388.192  0.9987929
    6388.214  0.9742365
    6388.236  0.9560398
    6388.258  0.9939299
    6388.281  1.00416
    6388.303  0.9959878
    6388.325  0.9829591
    6388.347  0.9917119
    6388.369  1.002669
    6388.391  1.002437
    6388.413  1.002802
    6388.435  1.015917
    6388.457  1.020781
    6388.479  1.012886
    6388.501  1.027694
    6388.523  1.028188
    6388.545  1.008201
    6388.567  0.9950774
    6388.589  0.9917864
    6388.611  0.9904168
    6388.633  0.9807115
    6388.655  1.014379
    6388.677  1.019004
    6388.699  0.9817621
    6388.721  0.992855
    6388.743  1.013813
    6388.765  1.014461
    6388.787  1.001338
    6388.809  1.000972
    6388.831  0.9959117
    6388.853  1.013502
    6388.875  1.013741
    6388.897  0.9973373
    6388.919  0.9766707
    6388.942  0.9898151
    6388.964  1.016057
    6388.986  0.983182
    6389.008  0.9709746
    6389.030  0.9803109
    6389.052  0.971536
    6389.074  0.9858803
    6389.096  0.9944103
    6389.118  0.9922165
    6389.140  0.9799013
    6389.162  0.9816561
    6389.184  0.9859617
    6389.206  0.9902207
    6389.228  1.005066
    6389.250  1.0175
    6389.272  1.012998
    6389.294  1.007208
    6389.316  1.025008
    6389.338  1.043686
    6389.360  1.035217
    6389.382  1.014702
    6389.404  1.017457
    6389.426  1.026765
    6389.448  1.014525
    6389.470  1.016927
    6389.492  1.011727
    6389.514  0.9981185
    6389.536  1.001608
    6389.558  1.000121
    6389.581  1.004728
    6389.603  1.011712
    6389.625  1.010894
    6389.647  1.024101
    6389.669  1.029969
    6389.691  1.010854
    6389.713  0.9991201
    6389.735  0.9905607
    6389.757  0.9796007
    6389.779  0.9813053
    6389.801  0.9939484
    6389.823  0.9884726
    6389.845  0.9903994
    6389.867  1.011024
    6389.889  1.017527
    6389.911  1.004372
    6389.933  1.011166
    6389.955  1.034978
    6389.977  1.041105
    6389.999  1.010789
    6390.021  1.003959
    6390.043  1.028809
    6390.065  1.028552
    6390.087  1.011056
    6390.109  0.9961423
    6390.131  0.9952816
    6390.153  1.005981
    6390.175  1.013917
    6390.197  1.004522
    6390.219  0.9942501
    6390.242  1.001302
    6390.264  0.9965026
    6390.286  1.011879
    6390.308  1.020045
    6390.330  0.9971644
    6390.352  1.001758
    6390.374  1.004437
    6390.396  0.988568
    6390.418  0.9792606
    6390.440  0.9835413
    6390.462  0.9875635
    6390.484  0.9917621
    6390.506  1.002675
    6390.528  1.006392
    6390.550  1.0038
    6390.572  0.9894235
    6390.594  0.9890205
    6390.616  0.9888174
    6390.638  1.003572
    6390.660  0.9991089
    6390.682  1.00943
    6390.704  1.013847
    6390.726  1.008922
    6390.748  1.017019
    6390.770  0.9997295
    6390.792  1.002965
    6390.814  1.013658
    6390.836  0.9909159
    6390.858  0.9971606
    6390.881  1.018384
    6390.903  0.9988573
    6390.925  0.9882584
    6390.947  0.9880521
    6390.969  1.00167
    6390.991  1.006585
    6391.013  0.9805007
    6391.035  0.9949639
    6391.057  1.011878
    6391.079  1.018078
    6391.101  1.024408
    6391.123  0.9945925
    6391.145  1.002507
    6391.167  1.024626
    6391.189  1.030521
    6391.211  1.009155
    6391.233  0.99522
    6391.255  1.007157
    6391.277  0.9944312
    6391.299  1.011756
    6391.321  1.023171
    6391.343  1.020219
    6391.365  0.9993072
    6391.387  0.9829107
    6391.409  1.001668
    6391.431  0.9961001
    6391.453  0.9903793
    6391.475  0.9978786
    6391.497  0.9999373
    6391.519  0.9979016
    6391.542  1.007559
    6391.564  1.017541
    6391.586  1.008828
    6391.608  0.9872389
    6391.630  0.9876439
    6391.652  0.9896467
    6391.674  1.001468
    6391.696  0.9982986
    6391.718  1.002424
    6391.740  1.008741
    6391.762  0.9996018
    6391.784  0.9957595
    6391.806  0.9919443
    6391.828  1.008041
    6391.850  1.004171
    6391.872  0.9940789
    6391.894  0.9961543
    6391.916  0.9925836
    6391.938  0.9875929
    6391.960  1.01068
    6391.982  1.016634
    6392.004  0.9972309
    6392.026  0.9955983
    6392.048  0.9963057
    6392.070  0.995655
    6392.092  0.9978038
    6392.114  0.9868756
    6392.136  0.9806151
    6392.158  0.9754981
    6392.181  0.9874166
    6392.203  0.991689
    6392.225  0.9832868
    6392.247  0.9689056
    6392.269  0.9906295
    6392.291  0.9908692
    6392.313  0.9824168
    6392.335  0.9938815
    6392.357  0.9627113
    6392.379  0.9564946
    6392.401  0.9841042
    6392.423  1.00009
    6392.445  0.9816843
    6392.467  0.9732847
    6392.489  0.9748109
    6392.511  0.968631
    6392.533  0.9756648
    6392.555  0.9857123
    6392.577  0.9945455
    6392.599  1.012339
    6392.621  1.034808
    6392.643  1.022007
    6392.665  1.01579
    6392.687  1.016554
    6392.709  0.9996957
    6392.731  1.004018
    6392.753  0.9909879
    6392.775  0.9788809
    6392.797  1.001564
    6392.819  1.021494
    6392.842  0.9969872
    6392.864  0.9773139
    6392.886  0.9968094
    6392.908  0.9975653
    6392.930  0.9992822
    6392.952  1.000378
    6392.974  0.9853806
    6392.996  0.9854338
    6393.018  0.9825621
    6393.040  0.9745723
    6393.062  0.9504369
    6393.084  0.9462168
    6393.106  0.952484
    6393.128  0.9382331
    6393.150  0.9311474
    6393.172  0.9317349
    6393.194  0.9162886
    6393.216  0.8990706
    6393.238  0.8755864
    6393.260  0.8548698
    6393.282  0.8632255
    6393.304  0.8541306
    6393.326  0.8197407
    6393.348  0.8075375
    6393.370  0.7932177
    6393.392  0.7511456
    6393.414  0.7421783
    6393.436  0.7732716
    6393.458  0.8037326
    6393.481  0.8240445
    6393.503  0.8392347
    6393.525  0.8491614
    6393.547  0.8841413
    6393.569  0.9121419
    6393.591  0.9170263
    6393.613  0.9325111
    6393.635  0.9427474
    6393.657  0.9473934
    6393.679  0.9458487
    6393.701  0.9427149
    6393.723  0.9654855
    6393.745  0.9859209
    6393.767  0.9819764
    6393.789  0.9921082
    6393.811  0.9762539
    6393.833  0.9692522
    6393.855  0.9826596
    6393.877  0.9695716
    6393.899  0.9694836
    6393.921  0.9894952
    6393.943  0.975699
    6393.965  0.9446266
    6393.987  0.9513489
    6394.009  0.9370376
    6394.031  0.9136606
    6394.053  0.9089282
    6394.075  0.8989877
    6394.097  0.8907555
    6394.119  0.8632657
    6394.142  0.8232099
    6394.164  0.7808276
    6394.186  0.7439843
    6394.208  0.7077179
    6394.230  0.6887125
    6394.252  0.6820634
    6394.274  0.6790166
    6394.296  0.6944628
    6394.318  0.7296109
    6394.340  0.7635557
    6394.362  0.8106211
    6394.384  0.8686354
    6394.406  0.896694
    6394.428  0.9197611
    6394.450  0.9374454
    6394.472  0.9440745
    6394.494  0.9565242
    6394.516  0.9518927
    6394.538  0.9603125
    6394.560  0.9834493
    6394.582  0.9919109
    6394.604  0.9948373
    6394.626  0.9833429
    6394.648  0.9864706
    6394.670  0.9946015
    6394.692  1.00672
    6394.714  1.000247
    6394.736  0.9780555
    6394.758  0.9783692
    6394.781  0.9779006
    6394.803  0.9757867
    6394.825  0.9819036
    6394.847  0.9877631
    6394.869  0.9782553
    6394.891  0.9911883
    6394.913  1.009505
    6394.935  0.9960415
    6394.957  0.9988977
    6394.979  0.9865448
    6395.001  0.9847072
    6395.023  1.010221
    6395.045  1.001882
    6395.067  1.007034
    6395.089  1.029543
    6395.111  1.019544
    6395.133  0.9951627
    6395.155  0.990081
    6395.177  0.9922035
    6395.199  0.9865466
    6395.221  0.9815416
    6395.243  0.968964
    6395.265  0.9650948
    6395.287  0.9862017
    6395.309  1.021686
    6395.331  1.02931
    6395.353  1.009549
    6395.375  0.9977527
    6395.397  0.9959322
    6395.419  1.005566
    6395.442  0.9877647
    6395.464  0.9958467
    6395.486  0.9931824
    6395.508  0.9997166
    6395.530  1.02232
    6395.552  0.9947913
    6395.574  0.9873552
    6395.596  1.001494
    6395.618  0.9865813
    6395.640  0.9940432
    6395.662  1.002619
    6395.684  0.9919159
    6395.706  0.9927197
    6395.728  1.010432
    6395.750  0.9903276
    6395.772  0.9732016
    6395.794  0.9833691
    6395.816  1.004671
    6395.838  0.996083
    6395.860  0.9913207
    6395.882  0.9981223
    6395.904  1.010107
    6395.926  1.011502
    6395.948  1.003347
    6395.970  1.01118
    6395.992  1.011541
    6396.014  1.001054
    6396.036  0.9993687
    6396.058  1.020797
    6396.081  1.024774
    6396.103  1.004069
    6396.125  0.9840604
    6396.147  0.9932159
    6396.169  1.002072
    6396.191  1.005729
    6396.213  0.9974281
    6396.235  0.9790926
    6396.257  0.984472
    6396.279  0.9965898
    6396.301  1.004276
    6396.323  0.990017
    6396.345  1.00063
    6396.367  0.9989832
    6396.389  0.9808255
    6396.411  0.9885252
    6396.433  0.9952703
    6396.455  1.000378
    6396.477  1.000765
    6396.499  0.9871263
    6396.521  0.9838645
    6396.543  0.9963638
    6396.565  0.9998516
    6396.587  1.007147
    6396.609  1.015518
    6396.631  0.990118
    6396.653  0.9654832
    6396.675  0.9957471
    6396.697  1.013031
    6396.719  1.006282
    6396.742  1.012564
    6396.764  1.01691
    6396.786  1.008805
    6396.808  1.002527
    6396.830  1.002605
    6396.852  0.9919178
    6396.874  0.9978527
    6396.896  1.0021
    6396.918  1.004659
    6396.940  1.009373
    6396.962  1.011756
    6396.984  0.9987475
    6397.006  0.9971479
    6397.028  1.01246
    6397.050  1.003543
    6397.072  1.01041
    6397.094  1.012296
    6397.116  1.008135
    6397.138  1.002675
    6397.160  0.9932128
    6397.182  0.9997885
    6397.204  1.006762
    6397.226  1.024217
    6397.248  1.004588
    6397.270  0.9995667
    6397.292  1.005326
    6397.314  1.004814
    6397.336  0.9963654
    6397.358  0.9945524
    6397.381  0.9836985
    6397.403  1.013703
    6397.425  1.027135
    6397.447  1.009797
    6397.469  1.016592
    6397.491  1.013808
    6397.513  1.014287
    6397.535  1.027318
    6397.557  1.017855
    6397.579  1.022747
    6397.601  1.015698
    6397.623  1.007278
    6397.645  1.022527
    6397.667  1.012996
    6397.689  0.9937586
    6397.711  0.9933928
    6397.733  1.004455
    6397.755  1.010513
    6397.777  0.983494
    6397.799  0.9783161
    6397.821  0.978479
    6397.843  0.9777911
    6397.865  0.985404
    6397.887  0.9918116
    6397.909  1.007618
    6397.931  1.003714
    6397.953  0.9844081
    6397.975  0.9780912
    6397.997  0.9701229
    6398.019  0.9691651
    6398.042  0.9750442
    6398.064  0.9921599
    6398.086  1.016049
    6398.108  1.011672
    6398.130  1.005992
    6398.152  1.004777
    6398.174  1.0046
    6398.196  0.9917829
    6398.218  0.9814439
    6398.240  0.9913127
    6398.262  0.9825661
    6398.284  0.9846376
    6398.306  1.010998
    6398.328  1.018457
    6398.350  1.003202
    6398.372  0.9866228
    6398.394  0.9890634
    6398.416  1.009833
    6398.438  0.9995143
    6398.460  0.9881331
    6398.482  1.003154
    6398.504  1.000568
    6398.526  1.000325
    6398.548  0.9934947
    6398.570  1.001727
    6398.592  0.993238
    6398.614  0.9972829
    6398.636  0.9811203
    6398.658  0.9794774
    6398.681  0.9885007
    6398.703  1.00268
    6398.725  1.021267
    6398.747  0.9985332
    6398.769  0.9706722
    6398.791  0.9953949
    6398.813  0.990537
    6398.835  0.9934983
    6398.857  0.9888948
    6398.879  0.9990284
    6398.901  1.000371
    6398.923  0.9874201
    6398.945  1.002259
    6398.967  1.006155
    6398.989  0.9994726
    6399.011  1.006476
    6399.033  1.006675
    6399.055  1.0026
    6399.077  0.9879369
    6399.099  0.9768111
    6399.121  0.9830379
    6399.143  0.9959062
    6399.165  0.9980612
    6399.187  0.9840976
    6399.209  0.9855775
    6399.231  0.9923566
    6399.253  0.9950265
    6399.275  0.9978558
    6399.297  0.965472
    6399.319  0.9533719
    6399.342  0.9788843
    6399.364  0.990146
    6399.386  0.9894388
    6399.408  0.9759613
    6399.430  0.9651619
    6399.452  0.9618453
    6399.474  0.9629844
    6399.496  0.9546309
    6399.518  0.9380976
    6399.540  0.9282865
    6399.562  0.9069611
    6399.584  0.9077516
    6399.606  0.908642
    6399.628  0.8907107
    6399.650  0.8807106
    6399.672  0.8606573
    6399.694  0.8286192
    6399.716  0.795533
    6399.738  0.7913034
    6399.760  0.798656
    6399.782  0.7622122
    6399.804  0.7463717
    6399.826  0.7553911
    6399.848  0.7691792
    6399.870  0.7948473
    6399.892  0.8076246
    6399.914  0.8153452
    6399.936  0.8357502
    6399.958  0.8521826
    6399.981  0.8529993
    6400.003  0.8665105
    6400.025  0.8435948
    6400.047  0.8357894
    6400.069  0.817363
    6400.091  0.8124002
    6400.113  0.8003733
    6400.135  0.8062607
    6400.157  0.8238006
    6400.179  0.8327168
    6400.201  0.8506258
    6400.223  0.8665258
    6400.245  0.8803614
    6400.267  0.8693963
    6400.289  0.8690981
    6400.311  0.8858912
    6400.333  0.9179062
    6400.355  0.9279755
    6400.377  0.9137295
    6400.399  0.8953364
    6400.421  0.8826499
    6400.443  0.8838069
    6400.465  0.8744425
    6400.487  0.8217103
    6400.509  0.7971975
    6400.531  0.7798259
    6400.553  0.7361969
    6400.575  0.7097235
    6400.597  0.679758
    6400.619  0.659703
    6400.642  0.6499823
    6400.664  0.662757
    6400.686  0.6820662
    6400.708  0.6885213
    6400.730  0.7020969
    6400.752  0.7507827
    6400.774  0.7811701
    6400.796  0.7946013
    6400.818  0.8197766
    6400.840  0.827808
    6400.862  0.8220946
    6400.884  0.8081871
    6400.906  0.7868768
    6400.928  0.7812229
    6400.950  0.7812345
    6400.972  0.7746161
    6400.994  0.7876725
    6401.016  0.8181366
    6401.038  0.8510575
    6401.060  0.8995847
    6401.082  0.9338149
    6401.104  0.940281
    6401.126  0.9463491
    6401.148  0.9555778
    6401.170  0.99136
    6401.192  1.000029
    6401.214  0.9775274
    6401.236  0.9613141
    6401.258  0.9636054
    6401.281  0.9812497
    6401.303  0.9951482
    6401.325  0.9940735
    6401.347  0.9815125
    6401.369  1.001091
    6401.391  1.002058
    6401.413  0.9875384
    6401.435  0.9859927
    6401.457  0.9996403
    6401.479  0.9927775
    6401.501  0.9832892
    6401.523  0.9936588
    6401.545  0.9836365
    6401.567  0.9821705
    6401.589  0.9987129
    6401.611  1.009718
    6401.633  0.9930228
    6401.655  0.9883313
    6401.677  0.9928062
    6401.699  1.000346
    6401.721  1.011322
    6401.743  1.009319
    6401.765  1.009234
    6401.787  1.008214
    6401.809  1.008453
    6401.831  0.9994562
    6401.853  0.9875221
    6401.875  0.9842676
    6401.897  0.984775
    6401.919  0.9834852
    6401.942  0.9970655
    6401.964  0.9969963
    6401.986  1.007262
    6402.008  1.023567
    6402.030  1.006732
    6402.052  1.00684
    6402.074  1.005122
    6402.096  1.002446
    6402.118  1.009313
    6402.140  0.9969484
    6402.162  0.9948641
    6402.184  1.010484
    6402.206  1.017696
    6402.228  1.017353
    6402.250  0.9966237
    6402.272  0.9916714
    6402.294  1.00551
    6402.316  0.9973454
    6402.338  0.9964762
    6402.360  1.009919
    6402.382  1.034009
    6402.404  1.020404
    6402.426  1.01036
    6402.448  1.0141
    6402.470  1.004745
    6402.492  1.002616
    6402.514  0.9987904
    6402.536  1.003789
    6402.558  0.9850803
    6402.581  0.9885477
    6402.603  1.000193
    6402.625  0.9973883
    6402.647  1.007443
    6402.669  1.014884
    6402.691  1.009628
    6402.713  1.003967
    6402.735  0.9984193
    6402.757  0.9856316
    6402.779  0.9840999
    6402.801  1.006801
    6402.823  1.007519
    6402.845  1.01453
    6402.867  1.011718
    6402.889  0.9978532
    6402.911  0.9966404
    6402.933  0.9941282
    6402.955  0.9818546
    6402.977  0.9979361
    6402.999  1.020287
    6403.021  1.000505
    6403.043  0.9933171
    6403.065  1.001294
    6403.087  0.9967323
    6403.109  1.000732
    6403.131  0.9988854
    6403.153  1.00228
    6403.175  1.027068
    6403.197  1.023066
    6403.219  1.005841
    6403.242  1.017161
    6403.264  0.997387
    6403.286  0.9704118
    6403.308  0.9928755
    6403.330  1.001733
    6403.352  1.000152
    6403.374  1.007692
    6403.396  1.007516
    6403.418  1.009894
    6403.440  1.004187
    6403.462  0.9742326
    6403.484  0.9794999
    6403.506  1.023955
    6403.528  1.012888
    6403.550  1.003466
    6403.572  1.025772
    6403.594  1.02244
    6403.616  0.9959006
    6403.638  1.014794
    6403.660  1.010089
    6403.682  0.9982412
    6403.704  1.014083
    6403.726  1.008354
    6403.748  1.013769
    6403.770  0.9984382
    6403.792  0.992988
    6403.814  1.021808
    6403.836  1.019956
    6403.858  0.994416
    6403.881  0.9947622
    6403.903  1.009222
    6403.925  0.9912778
    6403.947  0.9774022
    6403.969  0.9910442
    6403.991  1.001224
    6404.013  1.005804
    6404.035  0.989535
    6404.057  0.9870331
    6404.079  1.010505
    6404.101  1.008182
    6404.123  1.007492
    6404.145  1.009232
    6404.167  1.025939
    6404.189  1.001489
    6404.211  0.9667928
    6404.233  0.9822636
    6404.255  1.018637
    6404.277  1.016854
    6404.299  1.008536
    6404.321  0.9912817
    6404.343  0.9923267
    6404.365  1.009491
    6404.387  1.01106
    6404.409  1.023123
    6404.431  1.012322
    6404.453  0.9924463
    6404.475  1.011553
    6404.497  1.004578
    6404.519  0.9850666
    6404.542  1.002927
    6404.564  1.021008
    6404.586  1.014451
    6404.608  1.022594
    6404.630  1.015236
    6404.652  0.9944143
    6404.674  1.002527
    6404.696  1.012467
    6404.718  1.005762
    6404.740  0.9910005
    6404.762  0.9828305
    6404.784  1.009005
    6404.806  1.00582
    6404.828  0.9926197
    6404.850  0.9975914
    6404.872  0.9993599
    6404.894  0.9936219
    6404.916  1.006269
    6404.938  1.031857
    6404.960  1.032638
    6404.982  1.006305
    6405.004  1.002652
    6405.026  0.9857188
    6405.048  1.001397
    6405.070  1.013028
    6405.092  1.013476
    6405.114  1.019272
    6405.136  0.996088
    6405.158  1.010418
    6405.181  1.009011
    6405.203  0.9869153
    6405.225  0.9785696
    6405.247  1.000012
    6405.269  1.001739
    6405.291  0.9752618
    6405.313  0.9817138
    6405.335  1.013014
    6405.357  0.9795525
    6405.379  0.974943
    6405.401  0.9672893
    6405.423  0.9906261
    6405.445  1.017103
    6405.467  0.994047
    6405.489  0.9591198
    6405.511  0.9816558
    6405.533  0.9892066
    6405.555  0.985192
    6405.577  0.9993114
    6405.599  0.9908941
    6405.621  0.9687408
    6405.643  0.9762897
    6405.665  1.006489
    6405.687  1.011766
    6405.709  0.9928215
    6405.731  0.9947689
    6405.753  0.9893783
    6405.775  0.9914942
    6405.797  1.00514
    6405.819  1.017499
    6405.842  0.9907909
    6405.864  0.992115
    6405.886  1.042721
    6405.908  1.012617
    6405.930  0.9989079
    6405.952  1.016549
    6405.974  0.9883792
    6405.996  0.9713246
    6406.018  0.990195
    6406.040  0.9998984
    6406.062  0.9895406
    6406.084  1.000421
    6406.106  0.9960835
    6406.128  1.000187
    6406.150  0.9972952
    6406.172  1.004244
    6406.194  0.9981503
    6406.216  0.9884107
    6406.238  0.9756777
    6406.260  1.003256
    6406.282  1.014305
    6406.304  0.992086
    6406.326  0.9771495
    6406.348  0.9748304
    6406.370  0.9688076
    6406.392  0.9833072
    6406.414  1.000774
    6406.436  0.9875024
    6406.458  0.9876229
    6406.481  1.001295
    6406.503  0.9944353
    6406.525  0.9847142
    6406.547  0.9985194
    6406.569  1.013259
    6406.591  1.006871
    6406.613  1.009792
    6406.635  1.016816
    6406.657  1.003893
    6406.679  0.983184
    6406.701  0.9925471
    6406.723  1.014001
    6406.745  1.01709
    6406.767  1.008183
    6406.789  1.008569
    6406.811  0.9899551
    6406.833  0.9765912
    6406.855  0.9879446
    6406.877  0.9870885
    6406.899  0.9715539
    6406.921  0.9959255
    6406.943  0.9984574
    6406.965  0.9743615
    6406.987  0.9875124
    6407.009  1.000397
    6407.031  0.9872863
    6407.053  0.9898245
    6407.075  0.9993842
    6407.097  1.006295
    6407.119  0.9984813
    6407.142  0.9916199
    6407.164  0.9887458
    6407.186  1.001601
    6407.208  0.9929647
    6407.230  0.9897375
    6407.252  1.000837
    6407.274  0.9986204
    6407.296  1.002619
    6407.318  0.9856583
    6407.340  0.9893905
    6407.362  0.9983591
    6407.384  0.9980353
    6407.406  0.9931611
    6407.428  0.989288
    6407.450  0.9835083
    6407.472  0.999567
    6407.494  1.009334
    6407.516  1.002714
    6407.538  0.9857545
    6407.560  0.9717892
    6407.582  0.9767228
    6407.604  0.9713463
    6407.626  0.9492726
    6407.648  0.9296926
    6407.670  0.9310915
    6407.692  0.9318641
    6407.714  0.8807179
    6407.736  0.8490882
    6407.758  0.8350998
    6407.781  0.8116609
    6407.803  0.8057171
    6407.825  0.8054214
    6407.847  0.8114828
    6407.869  0.8255469
    6407.891  0.8407345
    6407.913  0.8515888
    6407.935  0.8583943
    6407.957  0.8826815
    6407.979  0.9126658
    6408.001  0.9125263
    6408.023  0.9199842
    6408.045  0.9485217
    6408.067  0.9696071
    6408.089  0.9878833
    6408.111  0.9659416
    6408.133  0.9523081
    6408.155  0.9672381
    6408.177  0.9783002
    6408.199  0.9736552
    6408.221  0.993122
    6408.243  1.004987
    6408.265  1.003168
    6408.287  0.9648935
    6408.309  0.9859939
    6408.331  1.00097
    6408.353  0.9874798
    6408.375  0.9901513
    6408.397  0.9718305
    6408.419  0.963592
    6408.442  0.9725683
    6408.464  0.94901
    6408.486  0.9230086
    6408.508  0.9162572
    6408.530  0.9230884
    6408.552  0.8975311
    6408.574  0.8506307
    6408.596  0.7983069
    6408.618  0.7616646
    6408.640  0.7393802
    6408.662  0.7465611
    6408.684  0.7472839
    6408.706  0.7587297
    6408.728  0.8168495
    6408.750  0.8553259
    6408.772  0.8707303
    6408.794  0.9020711
    6408.816  0.9159021
    6408.838  0.9474622
    6408.860  0.9719897
    6408.882  0.9592837
    6408.904  0.9549875
    6408.926  0.9685178
    6408.948  0.9695851
    6408.970  0.9719509
    6408.992  0.9920918
    6409.014  0.9928414
    6409.036  0.9605374
    6409.058  0.9730617
    6409.081  0.9848518
    6409.103  0.9981308
    6409.125  0.9912706
    6409.147  0.9745013
    6409.169  0.9818422
    6409.191  1.006441
    6409.213  0.9905159
    6409.235  0.9810349
    6409.257  0.9981418
    6409.279  0.9988702
    6409.301  0.9756706
    6409.323  0.9835031
    6409.345  0.9898589
    6409.367  1.001915
    6409.389  0.9829492
    6409.411  0.9601151
    6409.433  0.9632221
    6409.455  0.9861057
    6409.477  0.9901789
    6409.499  0.9784049
    6409.521  0.9721286
    6409.543  0.9965163
    6409.565  1.016133
    6409.587  1.010274
    6409.609  1.013871
    6409.631  0.9941577
    6409.653  1.001521
    6409.675  1.014505
    6409.697  1.015521
    6409.719  1.022625
    6409.742  1.01257
    6409.764  1.018344
    6409.786  1.014049
    6409.808  1.021519
    6409.830  1.018921
    6409.852  0.982304
    6409.874  0.9770815
    6409.896  0.9716127
    6409.918  0.9817802
    6409.940  0.9907565
    6409.962  0.9790231
    6409.984  0.975709
    6410.006  0.9878888
    6410.028  1.00409
    6410.050  1.024819
    6410.072  1.018433
    6410.094  1.018791
    6410.116  1.009546
    6410.138  0.9794357
    6410.160  0.9817256
    6410.182  0.9916731
    6410.204  0.998625
    6410.226  0.9931055
    6410.248  0.9950465
    6410.270  1.00762
    6410.292  1.010834
    6410.314  1.005983
    6410.336  1.006261
    6410.358  1.017198
    6410.381  1.008293
    6410.403  0.9955821
    6410.425  0.9946637
    6410.447  0.994911
    6410.469  1.001335
    6410.491  1.001086
    6410.513  1.00371
    6410.535  1.026522
    6410.557  1.005571
    6410.579  0.9771707
    6410.601  0.9716243
    6410.623  0.9752862
    6410.645  0.9845657
    6410.667  0.9874216
    6410.689  1.009282
    6410.711  1.006894
    6410.733  0.9885564
    6410.755  1.009021
    6410.777  0.9865386
    6410.799  0.9774684
    6410.821  0.97821
    6410.843  0.992608
    6410.865  1.007631
    6410.887  1.002358
    6410.909  0.9839622
    6410.931  0.9863586
    6410.953  1.002638
    6410.975  0.9875291
    6410.997  0.9896227
    6411.019  0.9723325
    6411.042  0.9798281
    6411.064  1.012016
    6411.086  0.9914038
    6411.108  0.9684359
    6411.130  0.9791567
    6411.152  0.9918997
    6411.174  0.9664776
    6411.196  0.9733061
    6411.218  0.9797768
    6411.240  0.9583701
    6411.262  0.9204994
    6411.284  0.9073428
    6411.306  0.9067882
    6411.328  0.8771445
    6411.350  0.8499775
    6411.372  0.8367948
    6411.394  0.8164514
    6411.416  0.8019165
    6411.438  0.7893861
    6411.460  0.7994661
    6411.482  0.7993973
    6411.504  0.8212445
    6411.526  0.8273252
    6411.548  0.8306051
    6411.570  0.8710978
    6411.592  0.8949804
    6411.614  0.9044932
    6411.636  0.8992923
    6411.658  0.9260124
    6411.681  0.9309196
    6411.703  0.9471804
    6411.725  0.9782278
    6411.747  0.962938
    6411.769  0.9616835
    6411.791  0.9742408
    6411.813  0.9549746
    6411.835  0.9522923
    6411.857  0.9743733
    6411.879  0.9800983
    6411.901  0.9764581
    6411.923  0.9759447
    6411.945  0.9826653
    6411.967  0.9988649
    6411.989  0.9983467
    6412.011  0.9905533
    6412.033  0.9742381
    6412.055  0.9381242
    6412.077  0.9246578
    6412.099  0.9116299
    6412.121  0.891259
    6412.143  0.8693922
    6412.165  0.8386285
    6412.187  0.802411
    6412.209  0.7731326
    6412.231  0.7455277
    6412.253  0.7236766
    6412.275  0.7126619
    6412.297  0.722919
    6412.319  0.7173427
    6412.342  0.7254796
    6412.364  0.7511369
    6412.386  0.7833638
    6412.408  0.8145271
    6412.430  0.8774036
    6412.452  0.8977525
    6412.474  0.9076013
    6412.496  0.9361103
    6412.518  0.9452202
    6412.540  0.9718597
    6412.562  0.9840973
    6412.584  0.9684623
    6412.606  0.9491305
    6412.628  0.9774074
    6412.650  0.9869753
    6412.672  0.9855005
    6412.694  0.9786108
    6412.716  0.9860823
    6412.738  0.984359
    6412.760  0.9853607
    6412.782  1.006008
    6412.804  1.003272
    6412.826  0.9818695
    6412.848  0.9861524
    6412.870  0.9926295
    6412.892  0.9808432
    6412.914  0.9829212
    6412.936  1.004011
    6412.958  0.9948949
    6412.981  0.9789594
    6413.003  0.9764462
    6413.025  0.9904237
    6413.047  1.004317
    6413.069  1.020419
    6413.091  1.030548
    6413.113  1.01417
    6413.135  0.9871637
    6413.157  1.011411
    6413.179  1.010335
    6413.201  0.9908357
    6413.223  1.011832
    6413.245  1.03625
    6413.267  0.9994814
    6413.289  0.9920567
    6413.311  1.002611
    6413.333  1.007708
    6413.355  1.009272
    6413.377  0.9944666
    6413.399  1.001373
    6413.421  1.004689
    6413.443  1.00269
    6413.465  1.020725
    6413.487  1.017067
    6413.509  0.9994745
    6413.531  1.014603
    6413.553  1.012332
    6413.575  1.022341
    6413.597  1.012285
    6413.619  1.009484
    6413.642  1.016173
    6413.664  1.019851
    6413.686  0.9986245
    6413.708  0.9887202
    6413.730  0.9813029
    6413.752  0.9886396
    6413.774  1.012309
    6413.796  1.03107
    6413.818  1.019093
    6413.840  1.014799
    6413.862  1.020111
    6413.884  1.012379
    6413.906  0.9917315
    6413.928  0.9997849
    6413.950  1.00001
    6413.972  1.000628
    6413.994  0.9802059
    6414.016  0.9680834
    6414.038  0.9908955
    6414.060  0.9916707
    6414.082  0.9862547
    6414.104  1.020326
    6414.126  0.9989836
    6414.148  0.9780803
    6414.170  0.9766313
    6414.192  1.001452
    6414.214  1.003925
    6414.236  0.9988244
    6414.258  1.020998
    6414.281  1.000659
    6414.303  0.9808781
    6414.325  0.9867135
    6414.347  0.9911541
    6414.369  0.9874386
    6414.391  0.9776012
    6414.413  1.004802
    6414.435  1.007996
    6414.457  0.9959853
    6414.479  1.000979
    6414.501  0.9907832
    6414.523  0.9984926
    6414.545  1.001401
    6414.567  0.9694124
    6414.589  0.9786369
    6414.611  0.9970506
    6414.633  1.002793
    6414.655  0.9970903
    6414.677  0.9947429
    6414.699  0.9886254
    6414.721  0.9720497
    6414.743  0.9770986
    6414.765  0.9921631
    6414.787  1.003249
    6414.809  0.9860201
    6414.831  0.9596968
    6414.853  0.9781937
    6414.875  1.005793
    6414.897  0.9792661
    6414.919  0.9709601
    6414.942  1.001976
    6414.964  0.9973029
    6414.986  0.9882323
    6415.008  0.9735742
    6415.030  0.9877129
    6415.052  0.9936135
    6415.074  0.988302
    6415.096  0.9788637
    6415.118  0.9895687
    6415.140  1.008709
    6415.162  1.012198
    6415.184  0.9856921
    6415.206  0.9650057
    6415.228  0.9756892
    6415.250  0.9925224
    6415.272  0.9845692
    6415.294  1.001602
    6415.316  1.013654
    6415.338  1.008886
    6415.360  1.000712
    6415.382  0.9856383
    6415.404  0.9980503
    6415.426  1.000158
    6415.448  0.9885534
    6415.470  0.9850094
    6415.492  0.9665115
    6415.514  0.973575
    6415.536  0.9896742
    6415.558  0.9765964
    6415.581  0.9523547
    6415.603  0.9468608
    6415.625  0.9348261
    6415.647  0.9446081
    6415.669  0.9747994
    6415.691  1.005585
    6415.713  0.9980085
    6415.735  0.9831204
    6415.757  0.9865733
    6415.779  0.9821439
    6415.801  1.003686
    6415.823  0.9950455
    6415.845  1.011363
    6415.867  1.004947
    6415.889  1.002596
    6415.911  1.017495
    6415.933  1.012295
    6415.955  1.016008
    6415.977  0.9925848
    6415.999  0.9893239
    6416.021  1.001336
    6416.043  0.9897266
    6416.065  1.005015
    6416.087  1.014078
    6416.109  1.007666
    6416.131  1.006394
    6416.153  1.003239
    6416.175  0.9936454
    6416.197  1.000622
    6416.219  1.026876
    6416.242  1.031942
    6416.264  1.020264
    6416.286  1.006346
    6416.308  1.029027
    6416.330  1.00112
    6416.352  0.9685106
    6416.374  1.003759
    6416.396  1.023978
    6416.418  1.017765
    6416.440  1.004242
    6416.462  1.010277
    6416.484  1.01228
    6416.506  1.000508
    6416.528  0.9929701
    6416.550  0.9960481
    6416.572  1.003359
    6416.594  1.003313
    6416.616  1.003261
    6416.638  0.9794803
    6416.660  0.9976998
    6416.682  0.9898502
    6416.704  0.9741842
    6416.726  1.003492
    6416.748  0.9987051
    6416.770  0.9920347
    6416.792  1.003611
    6416.814  1.005005
    6416.836  0.997137
    6416.858  0.9852028
    6416.881  0.9820632
    6416.903  1.002677
    6416.925  1.01094
    6416.947  0.9838197
    6416.969  0.9712855
    6416.991  1.006927
    6417.013  0.9993106
    6417.035  1.004941
    6417.057  1.009617
    6417.079  0.9962332
    6417.101  1.007916
    6417.123  1.007869
    6417.145  1.000808
    6417.167  1.013255
    6417.189  0.9987614
    6417.211  1.01605
    6417.233  0.9921312
    6417.255  1.00413
    6417.277  1.006362
    6417.299  0.9907311
    6417.321  0.9833888
    6417.343  1.003842
    6417.365  1.010034
    6417.387  0.9968163
    6417.409  0.9975018
    6417.431  0.97781
    6417.453  0.9478357
    6417.475  0.9444174
    6417.497  0.9611148
    6417.519  0.9567677
    6417.542  0.9486628
    6417.564  0.9524812
    6417.586  0.9596946
    6417.608  0.9569716
    6417.630  0.9612744
    6417.652  0.9747977
    6417.674  0.9696332
    6417.696  0.9831019
    6417.718  0.9674537
    6417.740  0.97702
    6417.762  0.9951375
    6417.784  1.022113
    6417.806  1.025393
    6417.828  1.017226
    6417.850  1.016655
    6417.872  1.006711
    6417.894  1.01074
    6417.916  1.026697
    6417.938  1.013804
    6417.960  1.020358
    6417.982  1.003471
    6418.004  1.01931
    6418.026  1.031509
    6418.048  1.01776
    6418.070  1.009823
    6418.092  0.9979504
    6418.114  1.007883
    6418.136  1.001075
    6418.158  1.000753
    6418.181  1.015307
    6418.203  1.016877
    6418.225  1.00231
    6418.247  0.9846223
    6418.269  0.9737472
    6418.291  0.978902
    6418.313  0.99018
    6418.335  0.9866877
    6418.357  0.9880892
    6418.379  1.001778
    6418.401  0.9915687
    6418.423  0.9763349
    6418.445  1.000113
    6418.467  1.020948
    6418.489  1.014589
    6418.511  1.003394
    6418.533  1.030073
    6418.555  1.010047
    6418.577  1.013658
    6418.599  1.040438
    6418.621  1.012249
    6418.643  0.9977779
    6418.665  0.9836267
    6418.687  1.001411
    6418.709  1.026197
    6418.731  1.017739
    6418.753  1.014931
    6418.775  1.017248
    6418.797  1.005183
    6418.819  1.000807
    6418.842  1.003825
    6418.864  1.013878
    6418.886  1.001679
    6418.908  1.007571
    6418.930  1.039096
    6418.952  1.036244
    6418.974  1.00598
    6418.996  1.006766
    6419.018  1.018785
    6419.040  1.01119
    6419.062  1.021004
    6419.084  0.9804813
    6419.106  1.014143
    6419.128  1.017094
    6419.150  0.9955621
    6419.172  1.005031
    6419.194  1.018489
    6419.216  1.024263
    6419.238  1.011819
    6419.260  0.9928191
    6419.282  1.007885
    6419.304  1.009653
    6419.326  1.00803
    6419.348  1.012029
    6419.370  1.007701
    6419.392  0.9796321
    6419.414  0.978079
    6419.436  0.9961991
    6419.458  1.000101
    6419.481  1.003394
    6419.503  0.9853306
    6419.525  0.9735171
    6419.547  0.9848897
    6419.569  0.975634
    6419.591  0.9386007
    6419.613  0.9385034
    6419.635  0.9382937
    6419.657  0.915755
    6419.679  0.8918388
    6419.701  0.8967167
    6419.723  0.886152
    6419.745  0.8774604
    6419.767  0.8843865
    6419.789  0.878913
    6419.811  0.8966632
    6419.833  0.9116505
    6419.855  0.9532967
    6419.877  0.9695837
    6419.899  0.9441129
    6419.921  0.9571031
    6419.943  0.9803221
    6419.965  0.9926352
    6419.987  1.008501
    6420.009  1.006658
    6420.031  0.9969394
    6420.053  1.005896
    6420.075  0.9893677
    6420.097  0.9951019
    6420.119  0.9927824
    6420.142  0.976689
    6420.164  0.9905378
    6420.186  0.9739993
    6420.208  0.9789197
    6420.230  0.9870899
    6420.252  0.9632435
    6420.274  0.9846885
    6420.296  0.9893622
    6420.318  0.9734734
    6420.340  0.9756993
    6420.362  0.9824636
    6420.384  0.9801819
    6420.406  0.9556228
    6420.428  0.93542
    6420.450  0.9304563
    6420.472  0.9144462
    6420.494  0.8698639
    6420.516  0.851607
    6420.538  0.8291841
    6420.560  0.7978284
    6420.582  0.7924752
    6420.604  0.8115054
    6420.626  0.8317834
    6420.648  0.8507584
    6420.670  0.8697048
    6420.692  0.8932974
    6420.714  0.9215524
    6420.736  0.9482835
    6420.758  0.9488118
    6420.781  0.9534584
    6420.803  0.9781681
    6420.825  0.998522
    6420.847  0.9910405
    6420.869  0.9876134
    6420.891  0.9821294
    6420.913  0.9826118
    6420.935  0.986553
    6420.957  0.9615536
    6420.979  0.9466646
    6421.001  0.9230468
    6421.023  0.9104527
    6421.045  0.8906024
    6421.067  0.8440591
    6421.089  0.7973306
    6421.111  0.7772267
    6421.133  0.8004963
    6421.155  0.8053562
    6421.177  0.7992826
    6421.199  0.8025063
    6421.221  0.8056
    6421.243  0.8326102
    6421.265  0.8708263
    6421.287  0.8937524
    6421.309  0.9090178
    6421.331  0.9147086
    6421.353  0.9335761
    6421.375  0.9571702
    6421.397  0.9811006
    6421.419  0.9934467
    6421.442  0.9733718
    6421.464  0.9579086
    6421.486  0.9942342
    6421.508  1.028576
    6421.530  1.017286
    6421.552  0.9973998
    6421.574  1.015789
    6421.596  1.005364
    6421.618  1.000509
    6421.640  0.9949418
    6421.662  0.9835528
    6421.684  0.9728863
    6421.706  0.984219
    6421.728  0.9975644
    6421.750  0.9703472
