    6382.750  1.000009
    6382.772  1.001327
    6382.794  0.9980234
    6382.816  0.9960334
    6382.838  0.9973644
    6382.860  1.001201
    6382.882  0.9990523
    6382.904  0.991759
    6382.926  0.9967557
    6382.948  0.9960858
    6382.970  0.9953125
    6382.992  0.9898258
    6383.014  0.998141
    6383.036  1.012146
    6383.058  1.005887
    6383.081  0.9988025
    6383.103  0.9949286
    6383.125  0.9931926
    6383.147  0.9986452
    6383.169  0.9994979
    6383.191  1.001982
    6383.213  1.004916
    6383.235  0.996987
    6383.257  0.9914608
    6383.279  0.992507
    6383.301  0.9891338
    6383.323  0.9876145
    6383.345  0.9811413
    6383.367  0.9833069
    6383.389  1.002121
    6383.411  0.9968889
    6383.433  0.9818719
    6383.455  0.9937789
    6383.477  1.004533
    6383.499  1.001214
    6383.521  0.9973367
    6383.543  0.9991264
    6383.565  1.000348
    6383.587  0.9996614
    6383.609  1.003586
    6383.631  1.004903
    6383.653  1.001283
    6383.675  0.9964089
    6383.697  1.001056
    6383.719  1.002736
    6383.742  1.00116
    6383.764  1.008361
    6383.786  1.000835
    6383.808  0.9990602
    6383.830  1.00106
    6383.852  0.9899992
    6383.874  0.9887724
    6383.896  0.993264
    6383.918  0.9939996
    6383.940  0.9876667
    6383.962  0.9819875
    6383.984  0.9880241
    6384.006  0.9880058
    6384.028  0.9754006
    6384.050  0.9670376
    6384.072  0.9704257
    6384.094  0.9750963
    6384.116  0.9795106
    6384.138  0.9893652
    6384.160  0.9938014
    6384.182  0.9987699
    6384.204  1.001996
    6384.226  0.9977354
    6384.248  0.9953136
    6384.270  0.9939162
    6384.292  0.9947914
    6384.314  0.9993048
    6384.336  0.9957456
    6384.358  0.992775
    6384.381  0.9966848
    6384.403  0.9992633
    6384.425  1.000184
    6384.447  1.005493
    6384.469  1.006943
    6384.491  0.9963933
    6384.513  0.9896283
    6384.535  0.9922352
    6384.557  0.9965259
    6384.579  0.9988724
    6384.601  0.9947103
    6384.623  0.9891374
    6384.645  0.9890195
    6384.667  0.9994616
    6384.689  0.9989616
    6384.711  0.9926854
    6384.733  1.000159
    6384.755  1.00551
    6384.777  1.00088
    6384.799  0.9957443
    6384.821  0.9896572
    6384.843  0.9938729
    6384.865  0.9941323
    6384.887  0.9877176
    6384.909  0.9826192
    6384.931  0.9750353
    6384.953  0.9646844
    6384.975  0.9491836
    6384.997  0.9438077
    6385.019  0.9491728
    6385.042  0.9608227
    6385.064  0.9741732
    6385.086  0.9745383
    6385.108  0.9804515
    6385.130  0.9965562
    6385.152  1.000674
    6385.174  1.001733
    6385.196  1.003026
    6385.218  0.9971319
    6385.240  0.997226
    6385.262  1.001413
    6385.284  1.000474
    6385.306  1.003785
    6385.328  1.011727
    6385.350  1.003171
    6385.372  0.9931513
    6385.394  1.006758
    6385.416  1.015865
    6385.438  1.003945
    6385.460  1.00049
    6385.482  1.004162
    6385.504  0.9996046
    6385.526  1.000664
    6385.548  0.9988059
    6385.570  0.9943002
    6385.592  0.9995798
    6385.614  0.9968485
    6385.636  0.995645
    6385.658  0.9949569
    6385.681  0.9956138
    6385.703  1.000106
    6385.725  0.9939486
    6385.747  0.9865212
    6385.769  0.982016
    6385.791  0.984206
    6385.813  0.9908817
    6385.835  0.9937584
    6385.857  0.9964417
    6385.879  0.9934779
    6385.901  0.9907848
    6385.923  0.9945441
    6385.945  0.9917111
    6385.967  0.9928156
    6385.989  0.9935238
    6386.011  0.9876903
    6386.033  0.9904484
    6386.055  0.9894165
    6386.077  0.9819142
    6386.099  0.9846756
    6386.121  0.9907649
    6386.143  0.9895312
    6386.165  0.9902927
    6386.187  0.9927019
    6386.209  0.9932983
    6386.231  0.9981312
    6386.253  0.9987273
    6386.275  0.9964578
    6386.297  1.001637
    6386.319  1.000879
    6386.342  0.9901402
    6386.364  0.9858643
    6386.386  0.9893013
    6386.408  0.9976411
    6386.430  1.002939
    6386.452  0.9979435
    6386.474  1.000191
    6386.496  0.9986784
    6386.518  0.9917684
    6386.540  0.9950821
    6386.562  0.9983558
    6386.584  0.9958593
    6386.606  0.993672
    6386.628  0.9955626
    6386.650  0.9937713
    6386.672  0.996316
    6386.694  1.001828
    6386.716  1.000654
    6386.738  0.9931235
    6386.760  0.9950825
    6386.782  1.002861
    6386.804  0.9977022
    6386.826  0.9932451
    6386.848  1.006069
    6386.870  1.007197
    6386.892  1.005562
    6386.914  1.012056
    6386.936  1.015173
    6386.958  1.003684
    6386.981  1.002083
    6387.003  1.008719
    6387.025  1.006789
    6387.047  1.006609
    6387.069  1.004654
    6387.091  1.004779
    6387.113  1.009294
    6387.135  1.002529
    6387.157  0.9989608
    6387.179  1.000541
    6387.201  1.001583
    6387.223  1.003829
    6387.245  1.008687
    6387.267  1.017518
    6387.289  1.015053
    6387.311  1.012871
    6387.333  1.014059
    6387.355  1.00603
    6387.377  1.00403
    6387.399  1.004051
    6387.421  1.007216
    6387.443  1.003591
    6387.465  1.00235
    6387.487  1.002458
    6387.509  1.004382
    6387.531  1.007978
    6387.553  1.008371
    6387.575  1.004635
    6387.597  0.9971988
    6387.619  0.9896981
    6387.642  0.9988629
    6387.664  1.000738
    6387.686  0.9947227
    6387.708  1.004104
    6387.730  1.008725
    6387.752  1.001639
    6387.774  1.001943
    6387.796  1.010007
    6387.818  1.010756
    6387.840  1.002179
    6387.862  0.9998937
    6387.884  1.004478
    6387.906  0.9989789
    6387.928  0.9957258
    6387.950  0.9990393
    6387.972  1.004044
    6387.994  0.9984587
    6388.016  0.9968969
    6388.038  1.005113
    6388.060  1.0041
    6388.082  1.00193
    6388.104  1.00973
    6388.126  1.014649
    6388.148  1.004753
    6388.170  1.000875
    6388.192  1.001121
    6388.214  1.001075
    6388.236  1.004812
    6388.258  1.006037
    6388.281  1.003515
    6388.303  0.9984613
    6388.325  0.9998382
    6388.347  1.006462
    6388.369  1.005126
    6388.391  0.9967161
    6388.413  0.9962609
    6388.435  1.004967
    6388.457  1.010648
    6388.479  1.007061
    6388.501  1.005576
    6388.523  1.008803
    6388.545  1.006914
    6388.567  1.000748
    6388.589  1.001085
    6388.611  1.00228
    6388.633  1.004754
    6388.655  0.9997851
    6388.677  0.9999789
    6388.699  1.002115
    6388.721  1.002271
    6388.743  1.002537
    6388.765  0.99897
    6388.787  0.9951434
    6388.809  0.9970387
    6388.831  1.001832
    6388.853  1.009065
    6388.875  1.009348
    6388.897  1.002177
    6388.919  1.004258
    6388.942  1.006595
    6388.964  0.997515
    6388.986  0.994715
    6389.008  1.003009
    6389.030  1.00183
    6389.052  0.9990749
    6389.074  0.9976879
    6389.096  0.9960011
    6389.118  0.9985357
    6389.140  1.002858
    6389.162  1.003252
    6389.184  1.004715
    6389.206  1.00303
    6389.228  1.00559
    6389.250  1.004251
    6389.272  0.9994596
    6389.294  1.001307
    6389.316  1.005201
    6389.338  1.005159
    6389.360  0.9957709
    6389.382  0.9942683
    6389.404  1.002488
    6389.426  1.01003
    6389.448  1.014297
    6389.470  1.009166
    6389.492  1.002706
    6389.514  1.006419
    6389.536  1.010857
    6389.558  1.004067
    6389.581  0.9987406
    6389.603  1.004852
    6389.625  1.012631
    6389.647  1.00304
    6389.669  1.000505
    6389.691  1.0079
    6389.713  1.004924
    6389.735  1.002509
    6389.757  1.000686
    6389.779  0.9996049
    6389.801  1.001218
    6389.823  1.000951
    6389.845  1.003951
    6389.867  1.011165
    6389.889  1.006077
    6389.911  1.001439
    6389.933  1.007429
    6389.955  1.008654
    6389.977  1.01241
    6389.999  1.010557
    6390.021  1.005595
    6390.043  1.006363
    6390.065  1.01262
    6390.087  1.013164
    6390.109  1.007367
    6390.131  1.005582
    6390.153  1.007641
    6390.175  1.016202
    6390.197  1.013827
    6390.219  1.005354
    6390.242  1.004715
    6390.264  0.9981132
    6390.286  0.9968336
    6390.308  1.003795
    6390.330  1.004227
    6390.352  0.9963475
    6390.374  0.9975212
    6390.396  0.997399
    6390.418  0.9986714
    6390.440  1.002633
    6390.462  1.00814
    6390.484  1.006171
    6390.506  0.9995871
    6390.528  1.001404
    6390.550  1.006793
    6390.572  1.003532
    6390.594  1.00274
    6390.616  1.001807
    6390.638  1.000644
    6390.660  1.001896
    6390.682  1.002116
    6390.704  1.008162
    6390.726  1.006207
    6390.748  1.006556
    6390.770  1.01001
    6390.792  0.9987246
    6390.814  0.9930432
    6390.836  0.9901792
    6390.858  0.9901465
    6390.881  0.9923453
    6390.903  0.999898
    6390.925  0.9988784
    6390.947  0.9934955
    6390.969  1.001741
    6390.991  1.007648
    6391.013  0.9990197
    6391.035  0.9878691
    6391.057  0.9968935
    6391.079  0.9960594
    6391.101  0.9870843
    6391.123  0.9903421
    6391.145  1.002377
    6391.167  1.004
    6391.189  1.003191
    6391.211  1.001054
    6391.233  1.002656
    6391.255  1.009457
    6391.277  1.00967
    6391.299  1.006596
    6391.321  1.003735
    6391.343  1.002231
    6391.365  1.00208
    6391.387  1.009993
    6391.409  1.00544
    6391.431  1.008982
    6391.453  1.005805
    6391.475  1.007739
    6391.497  1.009195
    6391.519  1.004276
    6391.542  1.000758
    6391.564  0.9895298
    6391.586  0.9938563
    6391.608  1.002201
    6391.630  1.00132
    6391.652  1.000002
    6391.674  0.9999232
    6391.696  0.9981557
    6391.718  1.000439
    6391.740  1.001031
    6391.762  0.9913263
    6391.784  0.9997386
    6391.806  1.008913
    6391.828  1.006425
    6391.850  1.001038
    6391.872  1.000724
    6391.894  1.001639
    6391.916  0.9918526
    6391.938  0.9959674
    6391.960  1.002122
    6391.982  1.002124
    6392.004  1.001609
    6392.026  1.003516
    6392.048  0.9973518
    6392.070  0.991774
    6392.092  0.9902157
    6392.114  0.9923339
    6392.136  1.003399
    6392.158  1.005072
    6392.181  0.9975184
    6392.203  1.003199
    6392.225  1.005018
    6392.247  1.000693
    6392.269  0.9976064
    6392.291  0.9939714
    6392.313  0.9904454
    6392.335  0.9927307
    6392.357  0.9992517
    6392.379  1.000086
    6392.401  0.9925517
    6392.423  0.9886473
    6392.445  0.9899172
    6392.467  0.985131
    6392.489  0.9668339
    6392.511  0.9670776
    6392.533  0.978076
    6392.555  0.9908003
    6392.577  0.9995122
    6392.599  0.9970112
    6392.621  0.9990782
    6392.643  1.001467
    6392.665  1.001439
    6392.687  0.9955157
    6392.709  0.9976856
    6392.731  1.002346
    6392.753  1.000379
    6392.775  0.9921643
    6392.797  0.9948825
    6392.819  0.9855607
    6392.842  0.9621344
    6392.864  0.95419
    6392.886  0.9584664
    6392.908  0.9648585
    6392.930  0.9643702
    6392.952  0.9744163
    6392.974  0.9897012
    6392.996  0.9986314
    6393.018  0.9973249
    6393.040  0.9968594
    6393.062  0.9945339
    6393.084  0.9882777
    6393.106  0.9944082
    6393.128  0.9935574
    6393.150  0.9897818
    6393.172  0.9873717
    6393.194  0.9898819
    6393.216  0.9902934
    6393.238  0.9837546
    6393.260  0.980204
    6393.282  0.9779584
    6393.304  0.9845741
    6393.326  0.9904113
    6393.348  0.9761081
    6393.370  0.966509
    6393.392  0.9563757
    6393.414  0.95155
    6393.436  0.9465817
    6393.458  0.9408694
    6393.481  0.9353288
    6393.503  0.9209197
    6393.525  0.9086009
    6393.547  0.899789
    6393.569  0.8962902
    6393.591  0.9058063
    6393.613  0.9102986
    6393.635  0.911139
    6393.657  0.9232571
    6393.679  0.9367236
    6393.701  0.93807
    6393.723  0.938117
    6393.745  0.9455923
    6393.767  0.9409946
    6393.789  0.9338868
    6393.811  0.9160814
    6393.833  0.8664443
    6393.855  0.7982197
    6393.877  0.7247332
    6393.899  0.6404259
    6393.921  0.5741646
    6393.943  0.5388319
    6393.965  0.5419075
    6393.987  0.5914994
    6394.009  0.6578575
    6394.031  0.7391031
    6394.053  0.8175031
    6394.075  0.8699468
    6394.097  0.9078784
    6394.119  0.9395759
    6394.142  0.9635208
    6394.164  0.9832994
    6394.186  0.9931604
    6394.208  0.9948611
    6394.230  0.9890053
    6394.252  0.9856944
    6394.274  0.9880971
    6394.296  0.9939667
    6394.318  0.9965097
    6394.340  1.001407
    6394.362  1.006263
    6394.384  0.9994018
    6394.406  0.9946134
    6394.428  0.9926284
    6394.450  0.9874844
    6394.472  0.9890258
    6394.494  0.9808316
    6394.516  0.9790438
    6394.538  0.9891887
    6394.560  0.9834037
    6394.582  0.9810451
    6394.604  0.9913068
    6394.626  0.9955899
    6394.648  0.9947913
    6394.670  0.9915199
    6394.692  0.9847404
    6394.714  0.9869373
    6394.736  0.9840341
    6394.758  0.98651
    6394.781  0.995105
    6394.803  0.9925871
    6394.825  0.9948781
    6394.847  0.9955614
    6394.869  0.993902
    6394.891  1.000179
    6394.913  1.002213
    6394.935  0.9962837
    6394.957  0.9939093
    6394.979  1.001883
    6395.001  1.007115
    6395.023  1.003991
    6395.045  1.002041
    6395.067  1.001945
    6395.089  1.00048
    6395.111  0.9847161
    6395.133  0.9833378
    6395.155  0.9939774
    6395.177  0.9952689
    6395.199  0.9925928
    6395.221  0.989148
    6395.243  0.996515
    6395.265  0.9998994
    6395.287  0.9931644
    6395.309  0.982487
    6395.331  0.9907451
    6395.353  0.985833
    6395.375  0.9846513
    6395.397  0.980953
    6395.419  0.9751389
    6395.442  0.9756548
    6395.464  0.9798522
    6395.486  0.9807593
    6395.508  0.9821769
    6395.530  0.9823266
    6395.552  0.9882805
    6395.574  0.9873607
    6395.596  0.9895697
    6395.618  0.9962428
    6395.640  0.9947073
    6395.662  0.9972742
    6395.684  0.9931787
    6395.706  0.9896317
    6395.728  0.9970181
    6395.750  1.003073
    6395.772  0.9944166
    6395.794  0.9837994
    6395.816  0.9926066
    6395.838  0.9955327
    6395.860  0.9936078
    6395.882  0.9980231
    6395.904  1.005387
    6395.926  1.001401
    6395.948  0.9971234
    6395.970  1.003507
    6395.992  1.00353
    6396.014  1.003607
    6396.036  1.001112
    6396.058  0.9939175
    6396.081  0.9899647
    6396.103  0.9994756
    6396.125  0.9935164
    6396.147  0.988959
    6396.169  0.9992315
    6396.191  1.005149
    6396.213  1.004338
    6396.235  1.003342
    6396.257  1.001659
    6396.279  0.9991356
    6396.301  0.9999436
    6396.323  0.9977221
    6396.345  0.9876409
    6396.367  0.9918315
    6396.389  0.9928529
    6396.411  0.9912571
    6396.433  0.9899302
    6396.455  0.9937086
    6396.477  0.9984348
    6396.499  0.9976451
    6396.521  0.9983615
    6396.543  1.003244
    6396.565  0.998172
    6396.587  0.9937938
    6396.609  1.000171
    6396.631  1.00303
    6396.653  0.9973916
    6396.675  0.9993539
    6396.697  1.004479
    6396.719  0.9940615
    6396.742  0.9969283
    6396.764  0.9981989
    6396.786  1.001548
    6396.808  0.9988029
    6396.830  1.004385
    6396.852  1.006013
    6396.874  1.000401
    6396.896  1.003467
    6396.918  1.009519
    6396.940  1.004451
    6396.962  0.9997675
    6396.984  1.007817
    6397.006  1.00647
    6397.028  1.003757
    6397.050  1.004496
    6397.072  0.9996828
    6397.094  0.9962347
    6397.116  0.9978594
    6397.138  1.011929
    6397.160  1.011371
    6397.182  1.007515
    6397.204  1.000181
    6397.226  0.9972753
    6397.248  0.9994081
    6397.270  0.996725
    6397.292  0.9908624
    6397.314  0.9885979
    6397.336  0.984294
    6397.358  0.9956239
    6397.381  1.000571
    6397.403  0.9922569
    6397.425  0.9925363
    6397.447  1.003579
    6397.469  1.00045
    6397.491  0.9914779
    6397.513  0.9920252
    6397.535  0.9908687
    6397.557  0.9975586
    6397.579  1.000886
    6397.601  1.004026
    6397.623  1.007924
    6397.645  0.9980102
    6397.667  0.9949227
    6397.689  0.9937888
    6397.711  0.9966816
    6397.733  0.9959608
    6397.755  0.9967526
    6397.777  1.005627
    6397.799  1.003138
    6397.821  0.9966821
    6397.843  0.9960067
    6397.865  1.002208
    6397.887  0.9985625
    6397.909  0.9808664
    6397.931  0.9773037
    6397.953  0.9791633
    6397.975  0.9841173
    6397.997  0.9910573
    6398.019  0.9917163
    6398.042  0.9943845
    6398.064  0.9978129
    6398.086  1.001981
    6398.108  1.001653
    6398.130  0.9972846
    6398.152  1.002163
    6398.174  1.002985
    6398.196  0.9965879
    6398.218  0.983407
    6398.240  0.9819203
    6398.262  0.9909227
    6398.284  0.9883323
    6398.306  0.982786
    6398.328  0.9828085
    6398.350  0.986614
    6398.372  0.9909856
    6398.394  0.9863589
    6398.416  0.9787113
    6398.438  0.986432
    6398.460  0.9921714
    6398.482  0.9956044
    6398.504  0.9956194
    6398.526  0.9987655
    6398.548  1.000031
    6398.570  0.9989213
    6398.592  0.9931431
    6398.614  0.9911644
    6398.636  0.9988365
    6398.658  1.001699
    6398.681  0.9967907
    6398.703  0.997511
    6398.725  0.9979395
    6398.747  0.9938036
    6398.769  0.9932241
    6398.791  0.9963491
    6398.813  1.005122
    6398.835  0.9996169
    6398.857  0.9964752
    6398.879  0.9964711
    6398.901  1.009989
    6398.923  1.008424
    6398.945  1.00118
    6398.967  0.9961597
    6398.989  0.995358
    6399.011  1.002664
    6399.033  1.004093
    6399.055  0.9974435
    6399.077  0.9965032
    6399.099  0.9932151
    6399.121  0.9940922
    6399.143  0.9989195
    6399.165  0.9910409
    6399.187  0.9966936
    6399.209  1.002843
    6399.231  0.9950253
    6399.253  0.9858738
    6399.275  0.9884412
    6399.297  0.9924235
    6399.319  0.984978
    6399.342  0.9818715
    6399.364  0.9914386
    6399.386  0.9937369
    6399.408  0.9895373
    6399.430  0.986397
    6399.452  0.9818527
    6399.474  0.9856807
    6399.496  0.994884
    6399.518  0.9910318
    6399.540  0.9848805
    6399.562  0.9857842
    6399.584  0.981464
    6399.606  0.976765
    6399.628  0.9725235
    6399.650  0.9647323
    6399.672  0.9568128
    6399.694  0.9566091
    6399.716  0.9544427
    6399.738  0.9519077
    6399.760  0.9505503
    6399.782  0.9430438
    6399.804  0.940143
    6399.826  0.9383024
    6399.848  0.9366146
    6399.870  0.9235427
    6399.892  0.9076661
    6399.914  0.8978367
    6399.936  0.8897354
    6399.958  0.8882937
    6399.981  0.8840932
    6400.003  0.8894052
    6400.025  0.8981594
    6400.047  0.903083
    6400.069  0.9040142
    6400.091  0.9117655
    6400.113  0.8961769
    6400.135  0.8850684
    6400.157  0.8916858
    6400.179  0.8646615
    6400.201  0.8210599
    6400.223  0.773326
    6400.245  0.7043872
    6400.267  0.6229687
    6400.289  0.5429691
    6400.311  0.496698
    6400.333  0.4766621
    6400.355  0.4806157
    6400.377  0.5147266
    6400.399  0.5877554
    6400.421  0.6687161
    6400.443  0.7360736
    6400.465  0.8002402
    6400.487  0.8597931
    6400.509  0.8918587
    6400.531  0.9044394
    6400.553  0.9055609
    6400.575  0.8930982
    6400.597  0.8606433
    6400.619  0.8212462
    6400.642  0.787429
    6400.664  0.7837918
    6400.686  0.8103328
    6400.708  0.8522946
    6400.730  0.8998182
    6400.752  0.9370008
    6400.774  0.9609193
    6400.796  0.9748589
    6400.818  0.9809397
    6400.840  0.9862646
    6400.862  0.9839027
    6400.884  0.9789668
    6400.906  0.9865401
    6400.928  0.990788
    6400.950  0.9932764
    6400.972  0.9888708
    6400.994  0.9882296
    6401.016  0.9947786
    6401.038  0.9911478
    6401.060  0.9853969
    6401.082  0.9826552
    6401.104  0.9820248
    6401.126  0.9797652
    6401.148  0.9925939
    6401.170  0.9903074
    6401.192  0.9890389
    6401.214  1.000546
    6401.236  1.001008
    6401.258  1.003801
    6401.281  0.9914628
    6401.303  0.9841248
    6401.325  0.9903734
    6401.347  0.9967321
    6401.369  0.9928669
    6401.391  0.9934011
    6401.413  0.9936893
    6401.435  0.9820713
    6401.457  0.9878703
    6401.479  1.010129
    6401.501  1.0028
    6401.523  0.9906453
    6401.545  0.9958954
    6401.567  1.003091
    6401.589  1.001162
    6401.611  0.9968293
    6401.633  1.005552
    6401.655  1.002427
    6401.677  0.9980851
    6401.699  0.9991457
    6401.721  0.996273
    6401.743  1.006083
    6401.765  1.001687
    6401.787  0.9975882
    6401.809  1.001206
    6401.831  1.00645
    6401.853  1.002841
    6401.875  1.005897
    6401.897  1.002698
    6401.919  1.005004
    6401.942  1.005368
    6401.964  0.9994832
    6401.986  1.006342
    6402.008  0.9994155
    6402.030  0.9915321
    6402.052  0.9917115
    6402.074  0.9875188
    6402.096  0.9875742
    6402.118  0.9940407
    6402.140  0.9908233
    6402.162  0.9892262
    6402.184  0.9988918
    6402.206  1.007934
    6402.228  1.008605
    6402.250  1.001504
    6402.272  1.004334
    6402.294  1.010357
    6402.316  1.006126
    6402.338  0.9980175
    6402.360  1.00247
    6402.382  1.005896
    6402.404  1.008701
    6402.426  1.002627
    6402.448  0.9986251
    6402.470  1.008486
    6402.492  1.00971
    6402.514  1.003124
    6402.536  0.992214
    6402.558  0.9997681
    6402.581  0.9979256
    6402.603  1.001276
    6402.625  1.002594
    6402.647  0.9859018
    6402.669  0.9922723
    6402.691  0.9988485
    6402.713  0.9968473
    6402.735  0.9978537
    6402.757  1.001002
    6402.779  1.001554
    6402.801  1.004643
    6402.823  1.001455
    6402.845  0.9982859
    6402.867  1.003249
    6402.889  1.000808
    6402.911  1.010274
    6402.933  1.013474
    6402.955  1.008848
    6402.977  0.9999732
    6402.999  0.9962092
    6403.021  0.9944885
    6403.043  0.995174
    6403.065  1.002974
    6403.087  1.007661
    6403.109  1.009792
    6403.131  1.001872
    6403.153  0.9981592
    6403.175  0.9950735
    6403.197  0.9916813
    6403.219  0.992546
    6403.242  0.9914404
    6403.264  0.996442
    6403.286  1.001141
    6403.308  0.998418
    6403.330  1.00801
    6403.352  1.003715
    6403.374  0.9981993
    6403.396  1.001057
    6403.418  0.9951027
    6403.440  0.9968565
    6403.462  1.003463
    6403.484  1.003631
    6403.506  1.001798
    6403.528  1.005812
    6403.550  1.005286
    6403.572  1.003023
    6403.594  0.9961106
    6403.616  1.002488
    6403.638  1.003766
    6403.660  1.001843
    6403.682  1.005147
    6403.704  1.003239
    6403.726  0.9952559
    6403.748  0.9970402
    6403.770  0.9980617
    6403.792  1.002181
    6403.814  0.9998466
    6403.836  0.9943058
    6403.858  0.9935858
    6403.881  0.9987609
    6403.903  1.002736
    6403.925  0.9950863
    6403.947  0.9959732
    6403.969  0.9994194
    6403.991  1.009275
    6404.013  1.009298
    6404.035  1.002676
    6404.057  1.000198
    6404.079  0.9924852
    6404.101  0.9917562
    6404.123  1.000491
    6404.145  0.9964979
    6404.167  0.9917598
    6404.189  1.004977
    6404.211  1.008978
    6404.233  0.9979228
    6404.255  1.001802
    6404.277  1.004184
    6404.299  0.9969084
    6404.321  0.9997411
    6404.343  1.002364
    6404.365  1.002616
    6404.387  1.000504
    6404.409  0.9946854
    6404.431  0.9935372
    6404.453  1.000002
    6404.475  1.004415
    6404.497  1.004277
    6404.519  1.005469
    6404.542  1.00598
    6404.564  1.002745
    6404.586  1.001908
    6404.608  0.9958242
    6404.630  0.9890703
    6404.652  0.9985356
    6404.674  1.007975
    6404.696  1.005335
    6404.718  1.00619
    6404.740  1.005805
    6404.762  1.000674
    6404.784  0.9999758
    6404.806  0.9966549
    6404.828  0.9963335
    6404.850  0.995396
    6404.872  0.9939513
    6404.894  0.9972212
    6404.916  1.00316
    6404.938  1.001476
    6404.960  0.9986609
    6404.982  0.9970963
    6405.004  0.9929158
    6405.026  1.001896
    6405.048  1.002599
    6405.070  1.002579
    6405.092  1.000135
    6405.114  0.9997593
    6405.136  0.9996751
    6405.158  1.004449
    6405.181  1.011879
    6405.203  1.010641
    6405.225  1.001979
    6405.247  1.00416
    6405.269  1.00532
    6405.291  1.004126
    6405.313  0.9993328
    6405.335  0.9968795
    6405.357  0.99089
    6405.379  0.9822558
    6405.401  0.9902251
    6405.423  0.9952345
    6405.445  1.002748
    6405.467  1.00922
    6405.489  0.9962375
    6405.511  0.9896864
    6405.533  0.9932384
    6405.555  0.9923912
    6405.577  0.9933419
    6405.599  0.9953125
    6405.621  0.991326
    6405.643  0.9875896
    6405.665  0.9920474
    6405.687  0.9893457
    6405.709  0.9806196
    6405.731  0.9876648
    6405.753  0.9921513
    6405.775  0.9845083
    6405.797  0.984194
    6405.819  0.9859126
    6405.842  0.9892123
    6405.864  0.9974869
    6405.886  1.000204
    6405.908  0.9880581
    6405.930  0.9948406
    6405.952  0.9994065
    6405.974  0.9926558
    6405.996  0.9928242
    6406.018  0.9794551
    6406.040  0.9702151
    6406.062  0.972825
    6406.084  0.9843013
    6406.106  0.9829692
    6406.128  0.982716
    6406.150  0.9777673
    6406.172  0.9771824
    6406.194  0.9810207
    6406.216  0.9942856
    6406.238  0.9910666
    6406.260  0.9875729
    6406.282  0.9904974
    6406.304  0.998335
    6406.326  0.9924938
    6406.348  0.9967273
    6406.370  0.999065
    6406.392  1.002538
    6406.414  1.010199
    6406.436  1.009078
    6406.458  1.000618
    6406.481  0.9921016
    6406.503  0.9925539
    6406.525  0.9932036
    6406.547  0.9969948
    6406.569  0.9993074
    6406.591  1.009893
    6406.613  1.016618
    6406.635  1.004549
    6406.657  0.9949439
    6406.679  0.999175
    6406.701  0.9946731
    6406.723  0.9953627
    6406.745  0.9975835
    6406.767  0.9994481
    6406.789  1.002245
    6406.811  1.0049
    6406.833  1.008865
    6406.855  1.012048
    6406.877  1.008529
    6406.899  1.006761
    6406.921  1.010226
    6406.943  1.009719
    6406.965  0.9968405
    6406.987  0.9937108
    6407.009  0.9950424
    6407.031  1.005849
    6407.053  1.002648
    6407.075  0.9944461
    6407.097  0.9913779
    6407.119  0.9987299
    6407.142  0.9947233
    6407.164  0.9950941
    6407.186  0.9894689
    6407.208  0.9915842
    6407.230  0.9943042
    6407.252  1.00386
    6407.274  1.007168
    6407.296  1.00062
    6407.318  0.9874844
    6407.340  0.9886988
    6407.362  0.9845668
    6407.384  0.9745985
    6407.406  0.9828219
    6407.428  0.9782776
    6407.450  0.9719504
    6407.472  0.9693328
    6407.494  0.9685872
    6407.516  0.9698213
    6407.538  0.9540973
    6407.560  0.9402528
    6407.582  0.9303898
    6407.604  0.9234172
    6407.626  0.9248855
    6407.648  0.9259678
    6407.670  0.9360142
    6407.692  0.9539661
    6407.714  0.9578619
    6407.736  0.964467
    6407.758  0.9676039
    6407.781  0.9693484
    6407.803  0.9734973
    6407.825  0.9763427
    6407.847  0.9753765
    6407.869  0.9620664
    6407.891  0.9424095
    6407.913  0.9326786
    6407.935  0.9224246
    6407.957  0.9093048
    6407.979  0.9044759
    6408.001  0.91039
    6408.023  0.9141742
    6408.045  0.9255617
    6408.067  0.9346175
    6408.089  0.9471118
    6408.111  0.9600113
    6408.133  0.9612202
    6408.155  0.9599406
    6408.177  0.9611673
    6408.199  0.9609318
    6408.221  0.9453998
    6408.243  0.9088175
    6408.265  0.8695939
    6408.287  0.814257
    6408.309  0.7419631
    6408.331  0.6776704
    6408.353  0.6334686
    6408.375  0.6456966
    6408.397  0.6964771
    6408.419  0.7612317
    6408.442  0.8326352
    6408.464  0.8833773
    6408.486  0.9249201
    6408.508  0.9548186
    6408.530  0.9711438
    6408.552  0.9738663
    6408.574  0.9750078
    6408.596  0.9886147
    6408.618  0.9933346
    6408.640  0.9902865
    6408.662  0.9930093
    6408.684  0.9928955
    6408.706  0.9872454
    6408.728  0.9846321
    6408.750  0.9852309
    6408.772  0.9907988
    6408.794  1.003391
    6408.816  1.008144
    6408.838  0.9932631
    6408.860  0.9874957
    6408.882  0.981997
    6408.904  0.9703062
    6408.926  0.9751513
    6408.948  0.9840628
    6408.970  0.9700615
    6408.992  0.9758518
    6409.014  0.985751
    6409.036  0.9876318
    6409.058  0.9892206
    6409.081  0.9876285
    6409.103  0.9896
    6409.125  0.9928045
    6409.147  0.9979962
    6409.169  1.003288
    6409.191  0.9949754
    6409.213  0.9912285
    6409.235  0.9953709
    6409.257  0.9934908
    6409.279  1.001787
    6409.301  0.9961324
    6409.323  1.002886
    6409.345  1.007349
    6409.367  1.009344
    6409.389  1.007281
    6409.411  0.9918544
    6409.433  0.987755
    6409.455  0.9968101
    6409.477  1.000647
    6409.499  0.9984058
    6409.521  1.00459
    6409.543  1.006889
    6409.565  0.9966128
    6409.587  0.9967034
    6409.609  0.9957326
    6409.631  1.000981
    6409.653  1.012267
    6409.675  1.006336
    6409.697  1.00659
    6409.719  1.005916
    6409.742  1.005355
    6409.764  1.005055
    6409.786  1.005973
    6409.808  1.012455
    6409.830  1.00645
    6409.852  1.004918
    6409.874  0.9977319
    6409.896  0.990553
    6409.918  1.001465
    6409.940  1.003418
    6409.962  1.000782
    6409.984  1.001603
    6410.006  1.009735
    6410.028  1.002627
    6410.050  1.012117
    6410.072  1.018943
    6410.094  1.002984
    6410.116  0.9966307
    6410.138  1.003582
    6410.160  1.012886
    6410.182  1.007674
    6410.204  1.01093
    6410.226  1.008729
    6410.248  0.9943665
    6410.270  0.9918404
    6410.292  0.9967351
    6410.314  0.9990739
    6410.336  1.008175
    6410.358  1.002517
    6410.381  0.9963362
    6410.403  0.9963509
    6410.425  1.002266
    6410.447  1.008467
    6410.469  1.009935
    6410.491  1.008409
    6410.513  1.005043
    6410.535  1.00149
    6410.557  1.001963
    6410.579  0.9982511
    6410.601  1.000191
    6410.623  1.003756
    6410.645  1.00039
    6410.667  1.003018
    6410.689  1.004992
    6410.711  0.999058
    6410.733  0.9981913
    6410.755  0.9980509
    6410.777  1.003286
    6410.799  0.9970903
    6410.821  0.9969626
    6410.843  1.003008
    6410.865  0.9963331
    6410.887  0.9885126
    6410.909  0.9880363
    6410.931  0.9986455
    6410.953  1.003176
    6410.975  1.000226
    6410.997  1.002727
    6411.019  0.9986053
    6411.042  0.9930481
    6411.064  0.9890477
    6411.086  0.9856529
    6411.108  0.9858716
    6411.130  0.9927027
    6411.152  0.9988162
    6411.174  0.9964215
    6411.196  0.9803191
    6411.218  0.9627252
    6411.240  0.9632688
    6411.262  0.9687146
    6411.284  0.9667014
    6411.306  0.9646535
    6411.328  0.9740375
    6411.350  0.9801565
    6411.372  0.9722462
    6411.394  0.9680459
    6411.416  0.9649767
    6411.438  0.9619969
    6411.460  0.9557385
    6411.482  0.954575
    6411.504  0.9730738
    6411.526  0.9751557
    6411.548  0.9510131
    6411.570  0.9145788
    6411.592  0.9048699
    6411.614  0.9020207
    6411.636  0.8994606
    6411.658  0.9154668
    6411.681  0.9266182
    6411.703  0.9306616
    6411.725  0.9391537
    6411.747  0.9384353
    6411.769  0.944401
    6411.791  0.9430525
    6411.813  0.9358682
    6411.835  0.9190121
    6411.857  0.8891533
    6411.879  0.8486323
    6411.901  0.7925287
    6411.923  0.7183422
    6411.945  0.6421571
    6411.967  0.5782545
    6411.989  0.5576091
    6412.011  0.5831738
    6412.033  0.6460799
    6412.055  0.7211167
    6412.077  0.7868448
    6412.099  0.8453887
    6412.121  0.8939142
    6412.143  0.9263678
    6412.165  0.9475554
    6412.187  0.9607911
    6412.209  0.9785493
    6412.231  0.9807715
    6412.253  0.9762111
    6412.275  0.9761134
    6412.297  0.9854963
    6412.319  0.9933032
    6412.342  0.9938323
    6412.364  0.9999947
    6412.386  0.9914524
    6412.408  0.9960074
    6412.430  0.9987835
    6412.452  0.9937803
    6412.474  0.9999666
    6412.496  0.9958047
    6412.518  0.993732
    6412.540  0.9926256
    6412.562  0.9878941
    6412.584  0.9936182
    6412.606  1.003688
    6412.628  1.005529
    6412.650  0.992111
    6412.672  0.9940768
    6412.694  0.9980932
    6412.716  0.9978165
    6412.738  0.9943119
    6412.760  0.9987657
    6412.782  1.000254
    6412.804  1.000338
    6412.826  1.007295
    6412.848  0.9986399
    6412.870  1.013862
    6412.892  1.017453
    6412.914  1.002707
    6412.936  1.007139
    6412.958  1.003801
    6412.981  0.9988817
    6413.003  1.005851
    6413.025  0.9989433
    6413.047  0.9868267
    6413.069  0.9979423
    6413.091  0.9999954
    6413.113  0.999394
    6413.135  1.000287
    6413.157  1.004497
    6413.179  1.002203
    6413.201  0.9969878
    6413.223  0.9958662
    6413.245  0.9919098
    6413.267  0.9834116
    6413.289  0.987453
    6413.311  0.9995716
    6413.333  1.002345
    6413.355  1.002393
    6413.377  0.9975785
    6413.399  0.9945165
    6413.421  0.9875498
    6413.443  0.9945122
    6413.465  1.005639
    6413.487  0.9966663
    6413.509  0.9893584
    6413.531  0.99308
    6413.553  1.00331
    6413.575  0.9991767
    6413.597  0.9968764
    6413.619  0.9963163
    6413.642  0.9938713
    6413.664  0.9972758
    6413.686  1.002299
    6413.708  1.001214
    6413.730  1.000504
    6413.752  0.9991101
    6413.774  1.008435
    6413.796  1.014167
    6413.818  1.012883
    6413.840  1.001861
    6413.862  0.9974515
    6413.884  0.9976516
    6413.906  0.9982197
    6413.928  0.9972815
    6413.950  0.9987103
    6413.972  0.9968054
    6413.994  0.9966231
    6414.016  1.002323
    6414.038  1.002055
    6414.060  1.001741
    6414.082  0.9970569
    6414.104  0.9962732
    6414.126  0.9980891
    6414.148  0.9958208
    6414.170  0.9953904
    6414.192  0.9896523
    6414.214  0.9891309
    6414.236  0.9935872
    6414.258  0.9906159
    6414.281  0.9964283
    6414.303  1.004516
    6414.325  1.01324
    6414.347  1.005608
    6414.369  0.9926508
    6414.391  0.9963618
    6414.413  1.004207
    6414.435  1.000547
    6414.457  0.9921253
    6414.479  0.9906437
    6414.501  0.9945952
    6414.523  0.9987355
    6414.545  0.9922811
    6414.567  0.9868553
    6414.589  0.9838187
    6414.611  0.9911265
    6414.633  0.9983236
    6414.655  1.005442
    6414.677  1.002141
    6414.699  0.994181
    6414.721  0.9911954
    6414.743  0.9981488
    6414.765  0.9938983
    6414.787  0.9941573
    6414.809  0.9952582
    6414.831  0.9873638
    6414.853  0.982578
    6414.875  0.9592946
    6414.897  0.9575277
    6414.919  0.9459484
    6414.942  0.9459494
    6414.964  0.9486122
    6414.986  0.9597583
    6415.008  0.9776779
    6415.030  0.9899344
    6415.052  0.9809356
    6415.074  0.9839855
    6415.096  0.9745648
    6415.118  0.9772391
    6415.140  0.9831846
    6415.162  0.976478
    6415.184  0.9730991
    6415.206  0.9688945
    6415.228  0.9505192
    6415.250  0.9311683
    6415.272  0.9079707
    6415.294  0.8829166
    6415.316  0.8724697
    6415.338  0.8840265
    6415.360  0.8958946
    6415.382  0.9096674
    6415.404  0.9331052
    6415.426  0.9599892
    6415.448  0.9749802
    6415.470  0.9787858
    6415.492  0.9818868
    6415.514  0.9785065
    6415.536  0.9904153
    6415.558  0.995399
    6415.581  0.9891671
    6415.603  1.004618
    6415.625  1.002411
    6415.647  1.00285
    6415.669  1.004081
    6415.691  1.002619
    6415.713  1.003933
    6415.735  0.9948579
    6415.757  0.9957343
    6415.779  0.9917372
    6415.801  0.9874178
    6415.823  0.9955738
    6415.845  0.9919456
    6415.867  0.9931475
    6415.889  1.002716
    6415.911  1.004452
    6415.933  0.9970351
    6415.955  0.9888185
    6415.977  0.9923025
    6415.999  0.9976411
    6416.021  0.9943415
    6416.043  0.9953905
    6416.065  1.000095
    6416.087  0.9979364
    6416.109  1.002017
    6416.131  1.006928
    6416.153  1.001137
    6416.175  1.000715
    6416.197  1.010501
    6416.219  1.006566
    6416.242  1.000958
    6416.264  1.000785
    6416.286  0.9988499
    6416.308  1.005819
    6416.330  0.9975436
    6416.352  1.006228
    6416.374  1.005764
    6416.396  0.995005
    6416.418  0.99349
    6416.440  1.004948
    6416.462  1.00621
    6416.484  1.005164
    6416.506  1.006776
    6416.528  1.010707
    6416.550  1.006449
    6416.572  1.001086
    6416.594  1.00452
    6416.616  1.001698
    6416.638  1.001205
    6416.660  1.002771
    6416.682  0.9938226
    6416.704  1.000789
    6416.726  1.007281
    6416.748  1.005814
    6416.770  1.00924
    6416.792  0.9990472
    6416.814  0.9817345
    6416.836  0.9900826
    6416.858  0.995243
    6416.881  0.9855033
    6416.903  0.983735
    6416.925  0.9837943
    6416.947  0.9883687
    6416.969  0.9981059
    6416.991  0.9975051
    6417.013  0.9945337
    6417.035  0.9851297
    6417.057  0.9916245
    6417.079  0.985795
    6417.101  0.9886361
    6417.123  0.9813292
    6417.145  0.9648712
    6417.167  0.9655335
    6417.189  0.9352365
    6417.211  0.8886667
    6417.233  0.8466046
    6417.255  0.839397
    6417.277  0.8473951
    6417.299  0.8821026
    6417.321  0.9239035
    6417.343  0.9492645
    6417.365  0.9707393
    6417.387  0.9751809
    6417.409  0.9852611
    6417.431  0.9924582
    6417.453  0.9842806
    6417.475  0.9887723
    6417.497  0.9930633
    6417.519  0.9982499
    6417.542  1.002893
    6417.564  0.9971792
    6417.586  0.9899088
    6417.608  0.992766
    6417.630  0.9830851
    6417.652  0.9825662
    6417.674  0.9889639
    6417.696  0.9930527
    6417.718  0.9968317
    6417.740  0.9888375
    6417.762  0.9876618
    6417.784  0.9966936
    6417.806  0.9974958
    6417.828  0.9921939
    6417.850  0.9897816
    6417.872  0.9946501
    6417.894  0.9973995
    6417.916  0.9878469
    6417.938  0.9927496
    6417.960  0.9875784
    6417.982  0.9774758
    6418.004  0.9707363
    6418.026  0.9680846
    6418.048  0.9746185
    6418.070  0.9795529
    6418.092  0.9835209
    6418.114  0.9887823
    6418.136  0.9932153
    6418.158  1.000206
    6418.181  0.9945848
    6418.203  0.9833685
    6418.225  0.9801605
    6418.247  0.9922665
    6418.269  1.006991
    6418.291  1.004139
    6418.313  0.9924515
    6418.335  0.9933503
    6418.357  1.009468
    6418.379  1.011695
    6418.401  1.014787
    6418.423  1.011862
    6418.445  1.008327
    6418.467  1.000769
    6418.489  1.000362
    6418.511  0.9997074
    6418.533  1.008425
    6418.555  0.9968247
    6418.577  0.9949015
    6418.599  0.9962167
    6418.621  1.003054
    6418.643  1.004525
    6418.665  1.011949
    6418.687  1.006419
    6418.709  1.003432
    6418.731  0.9988104
    6418.753  1.00453
    6418.775  1.015272
    6418.797  1.00532
    6418.819  1.010629
    6418.842  1.007027
    6418.864  1.005507
    6418.886  1.00094
    6418.908  0.9971842
    6418.930  0.9959986
    6418.952  1.002884
    6418.974  1.006002
    6418.996  0.9939217
    6419.018  0.9852785
    6419.040  0.9831774
    6419.062  0.9793866
    6419.084  0.9843426
    6419.106  1.003907
    6419.128  1.006251
    6419.150  0.9959416
    6419.172  0.9998534
    6419.194  1.001807
    6419.216  0.9922122
    6419.238  0.9965948
    6419.260  0.995373
    6419.282  1.001723
    6419.304  1.003452
    6419.326  1.001029
    6419.348  0.9993502
    6419.370  0.9960308
    6419.392  0.9968826
    6419.414  0.9913032
    6419.436  0.9983822
    6419.458  0.9979908
    6419.481  0.9972324
    6419.503  1.000724
    6419.525  0.9979903
    6419.547  0.9892387
    6419.569  0.9882172
    6419.591  0.9865485
    6419.613  0.9811263
    6419.635  0.9862144
    6419.657  0.9922875
    6419.679  0.997067
    6419.701  0.9968747
    6419.723  0.9932021
    6419.745  0.998233
    6419.767  0.9928606
    6419.789  0.9841518
    6419.811  0.9688708
    6419.833  0.9697462
    6419.855  0.9517952
    6419.877  0.9363517
    6419.899  0.9220313
    6419.921  0.9243504
    6419.943  0.9251233
    6419.965  0.9364297
    6419.987  0.9559171
    6420.009  0.9618146
    6420.031  0.9644971
    6420.053  0.9660327
    6420.075  0.9745663
    6420.097  0.9711257
    6420.119  0.9686757
    6420.142  0.9686206
    6420.164  0.9414472
    6420.186  0.8982921
    6420.208  0.8457329
    6420.230  0.7796119
    6420.252  0.7140635
    6420.274  0.6743709
    6420.296  0.6920186
    6420.318  0.7402927
    6420.340  0.8071151
    6420.362  0.8654796
    6420.384  0.9089069
    6420.406  0.9560866
    6420.428  0.9605563
    6420.450  0.9714743
    6420.472  0.9950182
    6420.494  0.996114
    6420.516  0.9944989
    6420.538  0.9926103
    6420.560  0.9923024
    6420.582  0.9951207
    6420.604  0.9946828
    6420.626  0.9939461
    6420.648  0.9897674
    6420.670  0.9907923
    6420.692  0.9979418
    6420.714  1.001665
    6420.736  1.007664
    6420.758  1.005731
    6420.781  1.007914
    6420.803  1.004241
    6420.825  0.9985626
    6420.847  0.9998186
    6420.869  0.9944136
    6420.891  0.9958854
    6420.913  1.012728
    6420.935  1.005895
    6420.957  1.001473
    6420.979  1.004172
    6421.001  0.9973426
    6421.023  0.9880262
    6421.045  0.9809482
    6421.067  0.9965377
    6421.089  0.9843425
    6421.111  0.9756098
    6421.133  0.973546
    6421.155  0.9824087
    6421.177  0.9774595
    6421.199  0.9667666
    6421.221  0.9473971
    6421.243  0.9266284
    6421.265  0.9149843
    6421.287  0.9059603
    6421.309  0.8973346
    6421.331  0.9039518
    6421.353  0.9186975
    6421.375  0.9235098
    6421.397  0.936716
    6421.419  0.9617894
    6421.442  0.9726085
    6421.464  0.9701647
    6421.486  0.9691739
    6421.508  0.9726732
    6421.530  0.9666248
    6421.552  0.9479308
    6421.574  0.9052389
    6421.596  0.843632
    6421.618  0.7694551
    6421.640  0.6769035
    6421.662  0.5931296
    6421.684  0.5616351
    6421.706  0.5858347
    6421.728  0.6586024
    6421.750  0.7468439
