    6382.750  0.9965201
    6382.772  0.9965162
    6382.794  0.9931472
    6382.816  0.9900628
    6382.838  0.9965397
    6382.860  0.9937614
    6382.882  0.990923
    6382.904  0.9912663
    6382.926  0.9878051
    6382.948  0.985679
    6382.970  0.9887165
    6382.992  0.9946404
    6383.014  0.998397
    6383.036  0.9938643
    6383.058  0.9916791
    6383.081  0.9940702
    6383.103  0.9972677
    6383.125  0.9969748
    6383.147  0.9948931
    6383.169  1.000233
    6383.191  1.006255
    6383.213  1.0022
    6383.235  0.9931685
    6383.257  0.9860059
    6383.279  0.9838127
    6383.301  0.9824403
    6383.323  0.9849522
    6383.345  0.9829437
    6383.367  0.992688
    6383.389  0.9975695
    6383.411  0.9906975
    6383.433  0.9991252
    6383.455  1.006945
    6383.477  1.004329
    6383.499  0.9984854
    6383.521  0.9963344
    6383.543  0.9958162
    6383.565  0.992335
    6383.587  0.9925843
    6383.609  0.9957688
    6383.631  0.9947511
    6383.653  0.9934002
    6383.675  0.9960831
    6383.697  0.9963787
    6383.720  0.9986969
    6383.742  0.9950311
    6383.764  0.9899234
    6383.786  0.9935101
    6383.808  0.9937546
    6383.830  0.996308
    6383.852  0.9965377
    6383.874  1.000844
    6383.896  1.004884
    6383.918  1.004203
    6383.940  1.002911
    6383.962  0.996653
    6383.984  0.9920548
    6384.006  0.9893352
    6384.028  0.9882377
    6384.050  0.9931877
    6384.072  0.9989663
    6384.094  0.9984846
    6384.116  0.9931906
    6384.138  0.9914705
    6384.160  0.9807051
    6384.182  0.9746032
    6384.204  0.9750488
    6384.226  0.9678419
    6384.248  0.9604039
    6384.270  0.9574246
    6384.292  0.9589011
    6384.314  0.9610842
    6384.336  0.9612544
    6384.359  0.9634469
    6384.381  0.966539
    6384.403  0.9734718
    6384.425  0.9737161
    6384.447  0.9817696
    6384.469  0.992961
    6384.491  0.9921395
    6384.513  0.9904363
    6384.535  0.9939641
    6384.557  0.9965915
    6384.579  0.9962089
    6384.601  0.9926726
    6384.623  0.988399
    6384.645  0.9956657
    6384.667  1.001425
    6384.689  1.001023
    6384.711  1.005512
    6384.733  1.001738
    6384.755  0.989855
    6384.777  0.991956
    6384.799  0.9893996
    6384.821  0.9802774
    6384.843  0.9830624
    6384.865  0.9830578
    6384.887  0.9781169
    6384.909  0.9670953
    6384.931  0.9658177
    6384.953  0.9744606
    6384.975  0.9756548
    6384.998  0.9784976
    6385.020  0.9834409
    6385.042  0.9860109
    6385.064  0.9886745
    6385.086  0.9897978
    6385.108  0.9909456
    6385.130  0.9861605
    6385.152  0.9847822
    6385.174  0.9857337
    6385.196  0.9807342
    6385.218  0.9785588
    6385.240  0.9884635
    6385.262  0.9891808
    6385.284  0.9809362
    6385.306  0.9873802
    6385.328  0.9918478
    6385.350  0.9921016
    6385.372  0.9967232
    6385.394  1.000953
    6385.416  0.9976236
    6385.438  0.994567
    6385.460  0.9977635
    6385.482  1.001402
    6385.504  0.9971737
    6385.526  0.9940183
    6385.548  0.9985185
    6385.570  1.002521
    6385.592  1.000898
    6385.615  0.9983764
    6385.637  1.000211
    6385.659  0.9995543
    6385.681  1.001864
    6385.703  1.004538
    6385.725  1.006
    6385.747  1.00261
    6385.769  0.9960691
    6385.791  0.992957
    6385.813  0.9888789
    6385.835  0.9834922
    6385.857  0.9822834
    6385.879  0.9795713
    6385.901  0.9693434
    6385.923  0.9687131
    6385.945  0.9770074
    6385.967  0.9762962
    6385.989  0.9721469
    6386.011  0.9709681
    6386.033  0.9736785
    6386.055  0.9785953
    6386.077  0.977664
    6386.099  0.9816173
    6386.121  0.9818972
    6386.143  0.9808076
    6386.165  0.9894798
    6386.187  0.9923849
    6386.209  0.9950914
    6386.231  0.9941898
    6386.254  0.9903661
    6386.276  0.9921921
    6386.298  0.9903477
    6386.320  0.9904521
    6386.342  0.9959531
    6386.364  1.001481
    6386.386  1.004381
    6386.408  1.005273
    6386.430  0.9990732
    6386.452  0.9973173
    6386.474  1.01162
    6386.496  1.010282
    6386.518  0.9912807
    6386.540  0.99137
    6386.562  0.9953992
    6386.584  0.9893336
    6386.606  0.9886886
    6386.628  0.9933837
    6386.650  0.9917689
    6386.672  0.9850065
    6386.694  0.977784
    6386.716  0.9796493
    6386.738  0.9912545
    6386.760  0.9955253
    6386.782  0.991417
    6386.804  0.9878315
    6386.826  0.9927338
    6386.848  0.993729
    6386.870  0.991821
    6386.893  0.9882476
    6386.915  0.988624
    6386.937  0.994902
    6386.959  0.9918564
    6386.981  0.9903236
    6387.003  0.9981776
    6387.025  0.9962508
    6387.047  0.998093
    6387.069  1.009233
    6387.091  1.000109
    6387.113  0.9964911
    6387.135  1.005602
    6387.157  1.010621
    6387.179  1.010089
    6387.201  1.005931
    6387.223  1.002141
    6387.245  1.003959
    6387.267  1.003425
    6387.289  0.9993648
    6387.311  1.000187
    6387.333  1.00145
    6387.355  1.000399
    6387.377  1.00553
    6387.399  1.007096
    6387.421  1.006154
    6387.443  1.002797
    6387.465  0.9973496
    6387.487  0.9968975
    6387.509  0.9945119
    6387.532  0.9937773
    6387.554  1.000475
    6387.576  0.9954085
    6387.598  0.9928259
    6387.620  1.000652
    6387.642  1.001311
    6387.664  0.9990439
    6387.686  1.00409
    6387.708  1.005649
    6387.730  0.9969683
    6387.752  0.9996205
    6387.774  1.01069
    6387.796  1.001107
    6387.818  0.9907574
    6387.840  1.001133
    6387.862  0.9999557
    6387.884  0.9979818
    6387.906  1.006358
    6387.928  1.003808
    6387.950  1.002493
    6387.972  1.001726
    6387.994  0.998623
    6388.016  1.00128
    6388.038  1.014661
    6388.060  1.016612
    6388.082  1.010753
    6388.104  1.007188
    6388.126  1.009383
    6388.148  1.001928
    6388.171  1.004207
    6388.193  1.010068
    6388.215  1.005903
    6388.237  1.004874
    6388.259  1.007153
    6388.281  1.00418
    6388.303  1.001437
    6388.325  1.009567
    6388.347  1.009053
    6388.369  1.001343
    6388.391  1.003891
    6388.413  1.010523
    6388.435  1.004035
    6388.457  0.9999453
    6388.479  1.012186
    6388.501  1.011595
    6388.523  1.009314
    6388.545  1.00639
    6388.567  1.012473
    6388.589  1.009917
    6388.611  1.006831
    6388.633  1.008294
    6388.655  1.00843
    6388.677  1.010442
    6388.699  1.007488
    6388.721  1.006813
    6388.743  1.012976
    6388.765  1.00776
    6388.787  1.003133
    6388.810  1.005859
    6388.832  1.005072
    6388.854  0.9977336
    6388.876  1.001566
    6388.898  1.006121
    6388.920  1.007603
    6388.942  1.01042
    6388.964  1.00307
    6388.986  1.00537
    6389.008  1.00515
    6389.030  1.000619
    6389.052  1.005135
    6389.074  1.003575
    6389.096  1.001186
    6389.118  1.004961
    6389.140  1.008746
    6389.162  1.00681
    6389.184  1.005028
    6389.206  1.011333
    6389.228  1.008649
    6389.250  1.006569
    6389.272  1.009561
    6389.294  1.009924
    6389.316  1.006767
    6389.338  1.009471
    6389.360  1.009573
    6389.382  1.005109
    6389.404  1.004911
    6389.426  1.008019
    6389.449  1.019025
    6389.471  1.012889
    6389.493  0.9999224
    6389.515  1.007529
    6389.537  1.013603
    6389.559  1.009883
    6389.581  1.008117
    6389.603  1.008999
    6389.625  1.007921
    6389.647  1.003861
    6389.669  1.008288
    6389.691  1.010698
    6389.713  1.010375
    6389.735  1.010746
    6389.757  1.007309
    6389.779  1.001511
    6389.801  1.005189
    6389.823  1.016741
    6389.845  1.014996
    6389.867  1.011801
    6389.889  1.012338
    6389.911  1.00275
    6389.933  1.00115
    6389.955  1.002714
    6389.977  1.00275
    6389.999  1.00278
    6390.021  1.004461
    6390.043  1.006278
    6390.066  1.006623
    6390.088  1.006056
    6390.110  1.006224
    6390.132  1.007603
    6390.154  1.00797
    6390.176  1.006881
    6390.198  1.011051
    6390.220  1.014235
    6390.242  1.013905
    6390.264  1.010669
    6390.286  1.002856
    6390.308  0.9976543
    6390.330  1.002602
    6390.352  1.012037
    6390.374  1.009113
    6390.396  1.00305
    6390.418  0.9968389
    6390.440  0.9943209
    6390.462  0.9966322
    6390.484  1.003984
    6390.506  1.001891
    6390.528  0.9979296
    6390.550  1.001029
    6390.572  1.009886
    6390.594  1.011345
    6390.616  1.015963
    6390.638  1.01
    6390.660  1.002508
    6390.682  0.9969279
    6390.705  0.9955752
    6390.727  1.00199
    6390.749  1.010354
    6390.771  1.018048
    6390.793  1.012638
    6390.815  1.007419
    6390.837  1.003765
    6390.859  1.001634
    6390.881  1.002996
    6390.903  0.9977021
    6390.925  0.9977672
    6390.947  1.002877
    6390.969  1.011941
    6390.991  1.008038
    6391.013  1.004329
    6391.035  1.001045
    6391.057  0.9955142
    6391.079  0.9977924
    6391.101  1.000338
    6391.123  0.9996721
    6391.145  1.005172
    6391.167  1.000865
    6391.189  0.996292
    6391.211  0.9992955
    6391.233  0.9976242
    6391.255  0.998834
    6391.277  1.011577
    6391.299  1.007041
    6391.321  1.004406
    6391.344  1.006137
    6391.366  1.004872
    6391.388  1.00566
    6391.410  1.005902
    6391.432  1.004372
    6391.454  1.006898
    6391.476  1.013367
    6391.498  1.008972
    6391.520  1.002249
    6391.542  1.00631
    6391.564  1.009903
    6391.586  1.002121
    6391.608  1.000265
    6391.630  1.002337
    6391.652  1.000714
    6391.674  0.9968698
    6391.696  0.9958665
    6391.718  0.9966154
    6391.740  0.9967347
    6391.762  0.9957153
    6391.784  0.994792
    6391.806  0.9976798
    6391.828  0.9972658
    6391.850  0.9950076
    6391.872  0.9983532
    6391.894  1.003409
    6391.916  1.002442
    6391.938  1.000876
    6391.960  1.005973
    6391.983  1.007673
    6392.005  1.010748
    6392.027  1.008453
    6392.049  1.001737
    6392.071  1.005345
    6392.093  1.003179
    6392.115  1.002133
    6392.137  1.005067
    6392.159  1.002636
    6392.181  0.9960238
    6392.203  0.9955139
    6392.225  1.00749
    6392.247  1.009311
    6392.269  0.9989899
    6392.291  0.9974648
    6392.313  1.00359
    6392.335  1.008379
    6392.357  1.009322
    6392.379  1.003275
    6392.401  1.001342
    6392.423  1.00647
    6392.445  1.004346
    6392.467  0.996986
    6392.489  1.001189
    6392.511  1.003669
    6392.533  1.001728
    6392.555  1.004334
    6392.577  0.9978602
    6392.599  0.9942936
    6392.622  1.000946
    6392.644  1.006334
    6392.666  1.004323
    6392.688  1.003927
    6392.710  1.002251
    6392.732  1.003229
    6392.754  1.004851
    6392.776  1.005812
    6392.798  1.002478
    6392.820  1.00505
    6392.842  1.008214
    6392.864  1.000795
    6392.886  1.00052
    6392.908  1.006586
    6392.930  1.005836
    6392.952  0.9989827
    6392.974  1.001697
    6392.996  1.011595
    6393.018  1.005067
    6393.040  1.000874
    6393.062  1.0039
    6393.084  1.002708
    6393.106  0.9977931
    6393.128  0.9959803
    6393.150  0.991012
    6393.172  0.9961537
    6393.194  1.006295
    6393.216  1.001442
    6393.238  0.9926484
    6393.261  0.9898636
    6393.283  0.9930454
    6393.305  0.9952621
    6393.327  0.9958476
    6393.349  1.006515
    6393.371  1.002146
    6393.393  0.9998761
    6393.415  0.9953003
    6393.437  1.00065
    6393.459  1.00811
    6393.481  1.006618
    6393.503  0.9985903
    6393.525  1.005002
    6393.547  0.9966835
    6393.569  0.9993317
    6393.591  1.007983
    6393.613  1.006317
    6393.635  0.9965258
    6393.657  0.9975729
    6393.679  0.9947549
    6393.701  0.9960125
    6393.723  0.9976295
    6393.745  0.9910236
    6393.767  0.9909571
    6393.789  0.9968547
    6393.811  0.994442
    6393.833  0.993603
    6393.855  0.9904792
    6393.877  0.9889601
    6393.900  0.9941329
    6393.922  0.9912758
    6393.944  0.9822547
    6393.966  0.975958
    6393.988  0.9688864
    6394.010  0.9529009
    6394.032  0.930822
    6394.054  0.9175441
    6394.076  0.9061051
    6394.098  0.8904743
    6394.120  0.8701798
    6394.142  0.8505389
    6394.164  0.8416881
    6394.186  0.8383766
    6394.208  0.8387345
    6394.230  0.84915
    6394.252  0.8673869
    6394.274  0.8817846
    6394.296  0.8983108
    6394.318  0.9129898
    6394.340  0.92262
    6394.362  0.9336721
    6394.384  0.9533392
    6394.406  0.9616954
    6394.428  0.9687448
    6394.450  0.9814091
    6394.472  0.9805518
    6394.494  0.9798455
    6394.516  0.9868969
    6394.539  0.9876029
    6394.561  0.9841169
    6394.583  0.990034
    6394.605  0.9880944
    6394.627  0.9733977
    6394.649  0.9662186
    6394.671  0.9579875
    6394.693  0.9353312
    6394.715  0.9117873
    6394.737  0.8841371
    6394.759  0.8694297
    6394.781  0.860495
    6394.803  0.8439887
    6394.825  0.8334799
    6394.847  0.8381299
    6394.869  0.8598497
    6394.891  0.8849759
    6394.913  0.8969006
    6394.935  0.9116682
    6394.957  0.9319999
    6394.979  0.9437919
    6395.001  0.9592731
    6395.023  0.9700799
    6395.045  0.9787393
    6395.067  0.9837092
    6395.089  0.9861945
    6395.111  0.9938452
    6395.133  1.001518
    6395.156  1.004288
    6395.178  0.997825
    6395.200  0.9959968
    6395.222  0.9938022
    6395.244  1.001634
    6395.266  1.005136
    6395.288  1.006021
    6395.310  1.002406
    6395.332  0.9874131
    6395.354  0.9906263
    6395.376  0.996213
    6395.398  0.9996421
    6395.420  0.9922619
    6395.442  0.9891647
    6395.464  0.9975358
    6395.486  0.997371
    6395.508  0.9955279
    6395.530  0.9870996
    6395.552  0.9918347
    6395.574  0.9958635
    6395.596  0.9942068
    6395.618  0.9985604
    6395.640  0.9958544
    6395.662  0.9887019
    6395.684  0.9928962
    6395.706  0.9970436
    6395.728  0.9949967
    6395.750  0.9893574
    6395.772  0.9891577
    6395.795  0.993342
    6395.817  0.99826
    6395.839  0.9993522
    6395.861  0.9993312
    6395.883  1.003836
    6395.905  1.001694
    6395.927  0.9960598
    6395.949  0.9966705
    6395.971  1.002224
    6395.993  1.005304
    6396.015  1.006407
    6396.037  1.002281
    6396.059  0.9938483
    6396.081  0.9916452
    6396.103  0.9980682
    6396.125  1.00453
    6396.147  1.007133
    6396.169  1.000939
    6396.191  0.9934275
    6396.213  0.9896604
    6396.235  0.9944896
    6396.257  0.9970711
    6396.279  0.9939278
    6396.301  0.991514
    6396.323  0.9990271
    6396.345  1.001238
    6396.367  0.998776
    6396.389  0.9965004
    6396.411  0.991214
    6396.434  0.9888647
    6396.456  0.9885215
    6396.478  0.9926527
    6396.500  0.997399
    6396.522  0.990239
    6396.544  0.9905193
    6396.566  0.9898887
    6396.588  0.9943562
    6396.610  0.9959075
    6396.632  0.9938043
    6396.654  0.9990728
    6396.676  1.004086
    6396.698  1.002253
    6396.720  1.001398
    6396.742  0.9976978
    6396.764  0.9978422
    6396.786  0.9965628
    6396.808  1.000816
    6396.830  1.005718
    6396.852  0.9961004
    6396.874  0.9990392
    6396.896  1.008382
    6396.918  1.00319
    6396.940  0.9980848
    6396.962  1.007626
    6396.984  1.001922
    6397.006  1.004628
    6397.028  1.005991
    6397.050  1.009567
    6397.073  1.010162
    6397.095  1.000476
    6397.117  1.007612
    6397.139  1.010507
    6397.161  1.002263
    6397.183  1.001763
    6397.205  0.9983542
    6397.227  1.006932
    6397.249  1.002128
    6397.271  1.005818
    6397.293  1.006542
    6397.315  1.002266
    6397.337  0.9910412
    6397.359  0.9987478
    6397.381  0.9989231
    6397.403  0.9983868
    6397.425  1.010723
    6397.447  1.014521
    6397.469  1.007193
    6397.491  1.003658
    6397.513  1.007703
    6397.535  1.002434
    6397.557  1.003859
    6397.579  1.003208
    6397.601  1.000928
    6397.623  1.006535
    6397.645  1.010785
    6397.667  1.00095
    6397.689  0.9963065
    6397.712  1.003394
    6397.734  1.003115
    6397.756  1.00273
    6397.778  1.000533
    6397.800  1.002548
    6397.822  1.012481
    6397.844  1.011998
    6397.866  1.00044
    6397.888  0.993204
    6397.910  1.001817
    6397.932  1.006626
    6397.954  0.995967
    6397.976  0.998742
    6397.998  1.001553
    6398.020  0.9983125
    6398.042  1.005408
    6398.064  1.007799
    6398.086  1.001687
    6398.108  0.9973992
    6398.130  1.006068
    6398.152  1.009527
    6398.174  0.9972587
    6398.196  1.000879
    6398.218  1.006074
    6398.240  0.9932927
    6398.262  0.9864296
    6398.284  0.9955981
    6398.306  1.002586
    6398.328  0.9967199
    6398.351  0.9954888
    6398.373  1.000101
    6398.395  0.9961473
    6398.417  0.9943612
    6398.439  0.995885
    6398.461  0.9968189
    6398.483  0.9932049
    6398.505  0.9940055
    6398.527  0.9953728
    6398.549  0.999177
    6398.571  0.9975799
    6398.593  0.9986136
    6398.615  0.9928856
    6398.637  0.9886453
    6398.659  0.9932246
    6398.681  0.9981796
    6398.703  0.9975362
    6398.725  0.9970563
    6398.747  0.9951898
    6398.769  1.003295
    6398.791  1.00588
    6398.813  1.00585
    6398.835  0.9964892
    6398.857  0.9976327
    6398.879  0.9992518
    6398.901  0.997565
    6398.923  0.997647
    6398.945  1.00137
    6398.967  0.9954805
    6398.990  0.9947579
    6399.012  0.9990785
    6399.034  1.002366
    6399.056  1.005131
    6399.078  1.003393
    6399.100  0.9965963
    6399.122  0.9962158
    6399.144  0.9984652
    6399.166  0.9954695
    6399.188  0.9995717
    6399.210  0.9946411
    6399.232  0.9958363
    6399.254  0.9977398
    6399.276  0.9961702
    6399.298  1.001186
    6399.320  0.9950981
    6399.342  0.9980652
    6399.364  1.005319
    6399.386  0.9998685
    6399.408  0.994198
    6399.430  0.9936116
    6399.452  1.000659
    6399.474  1.001957
    6399.496  1.001796
    6399.518  1.001206
    6399.540  1.001841
    6399.562  1.000764
    6399.584  0.9973962
    6399.607  0.9879117
    6399.629  0.9834183
    6399.651  0.9949581
    6399.673  1.000994
    6399.695  1.000572
    6399.717  1.005525
    6399.739  1.003879
    6399.761  0.9978862
    6399.783  0.9968782
    6399.805  1.002447
    6399.827  1.006659
    6399.849  1.003373
    6399.871  1.001175
    6399.893  1.002122
    6399.915  1.000759
    6399.937  0.9987861
    6399.959  1.002975
    6399.981  1.005398
    6400.003  0.9986518
    6400.025  0.999976
    6400.047  1.005275
    6400.069  0.9905379
    6400.091  0.9911706
    6400.113  0.9927847
    6400.135  0.9856632
    6400.157  0.986507
    6400.179  0.9938102
    6400.201  0.9914523
    6400.223  0.9929506
    6400.246  0.9888273
    6400.268  0.9919564
    6400.290  0.9862036
    6400.312  0.9761059
    6400.334  0.9754549
    6400.356  0.9704306
    6400.378  0.9555821
    6400.400  0.9403632
    6400.422  0.9308352
    6400.444  0.9137189
    6400.466  0.8906202
    6400.488  0.8713303
    6400.510  0.8585296
    6400.532  0.8324233
    6400.554  0.8105453
    6400.576  0.8071508
    6400.598  0.8105142
    6400.620  0.8168793
    6400.642  0.8326187
    6400.664  0.8481805
    6400.686  0.870287
    6400.708  0.894954
    6400.730  0.9054459
    6400.752  0.9134566
    6400.774  0.9298585
    6400.796  0.9326841
    6400.818  0.9378585
    6400.840  0.9435252
    6400.862  0.9486603
    6400.885  0.9614937
    6400.907  0.9596931
    6400.929  0.9621878
    6400.951  0.9652877
    6400.973  0.9547513
    6400.995  0.9526946
    6401.017  0.9539486
    6401.039  0.9481705
    6401.061  0.9354683
    6401.083  0.9176363
    6401.105  0.8979713
    6401.127  0.8769336
    6401.149  0.8579928
    6401.171  0.8489375
    6401.193  0.8344434
    6401.215  0.8279872
    6401.237  0.8362634
    6401.259  0.8420442
    6401.281  0.8607608
    6401.303  0.8806724
    6401.325  0.9012883
    6401.347  0.9098886
    6401.369  0.9170515
    6401.391  0.9372915
    6401.413  0.9431417
    6401.435  0.9466326
    6401.457  0.949458
    6401.479  0.9576192
    6401.501  0.9607112
    6401.524  0.9568106
    6401.546  0.9615858
    6401.568  0.9640366
    6401.590  0.9652234
    6401.612  0.9716304
    6401.634  0.9765647
    6401.656  0.9842931
    6401.678  0.9879158
    6401.700  0.981183
    6401.722  0.9896897
    6401.744  0.9993296
    6401.766  0.9955288
    6401.788  0.9948511
    6401.810  0.997556
    6401.832  0.994492
    6401.854  0.9940367
    6401.876  0.9916995
    6401.898  0.9967973
    6401.920  1.005547
    6401.942  1.002668
    6401.964  1.006312
    6401.986  1.008598
    6402.008  1.000222
    6402.030  1.001884
    6402.052  1.006495
    6402.074  0.99858
    6402.096  0.994208
    6402.118  0.996999
    6402.140  0.9988333
    6402.163  0.9988617
    6402.185  1.006731
    6402.207  1.012149
    6402.229  1.002562
    6402.251  1.000336
    6402.273  1.001957
    6402.295  1.00787
    6402.317  1.004627
    6402.339  0.9994025
    6402.361  0.9956623
    6402.383  0.9973859
    6402.405  1.00424
    6402.427  1.004343
    6402.449  1.001423
    6402.471  0.9976555
    6402.493  0.9964866
    6402.515  0.9953044
    6402.537  0.9909929
    6402.559  0.9960526
    6402.581  1.000292
    6402.603  0.9971541
    6402.625  0.9980202
    6402.647  0.9989639
    6402.669  1.004869
    6402.691  1.000537
    6402.713  1.002827
    6402.735  1.003651
    6402.757  0.9987051
    6402.779  0.9972169
    6402.802  0.9984968
    6402.824  0.9980696
    6402.846  0.9992635
    6402.868  0.9986514
    6402.890  1.000293
    6402.912  1.003773
    6402.934  0.9978133
    6402.956  0.9944029
    6402.978  0.9903802
    6403.000  0.9925585
    6403.022  0.9991183
    6403.044  1.004537
    6403.066  1.00185
    6403.088  1.000263
    6403.110  0.9920626
    6403.132  0.9984015
    6403.154  1.002188
    6403.176  0.9966564
    6403.198  1.002221
    6403.220  1.003015
    6403.242  0.9982161
    6403.264  0.9983304
    6403.286  0.9994221
    6403.308  0.9965056
    6403.330  1.004513
    6403.352  1.007762
    6403.374  1.00092
    6403.396  0.9988738
    6403.418  0.996849
    6403.441  1.000166
    6403.463  1.00338
    6403.485  1.004208
    6403.507  1.005753
    6403.529  1.002554
    6403.551  0.9951131
    6403.573  0.9940043
    6403.595  0.9993337
    6403.617  1.000105
    6403.639  1.001709
    6403.661  0.9980604
    6403.683  0.9966528
    6403.705  1.000721
    6403.727  1.003977
    6403.749  0.9984595
    6403.771  0.9983964
    6403.793  0.995436
    6403.815  0.9994867
    6403.837  0.9971913
    6403.859  0.991946
    6403.881  0.9906361
    6403.903  0.9959269
    6403.925  1.001756
    6403.947  0.9966836
    6403.969  0.999824
    6403.991  0.9980612
    6404.013  0.9929572
    6404.035  0.9941683
    6404.057  0.9997253
    6404.080  1.000094
    6404.102  0.9994147
    6404.124  1.001937
    6404.146  1.001188
    6404.168  0.9949458
    6404.190  1.005758
    6404.212  1.01419
    6404.234  0.9953813
    6404.256  0.9849368
    6404.278  0.9950283
    6404.300  0.9926176
    6404.322  0.9949119
    6404.344  0.9994993
    6404.366  0.9953091
    6404.388  1.003484
    6404.410  1.009549
    6404.432  0.9968722
    6404.454  0.9891519
    6404.476  1.000261
    6404.498  1.008203
    6404.520  1.001962
    6404.542  0.9958558
    6404.564  0.9971811
    6404.586  0.9955461
    6404.608  0.9948172
    6404.630  1.001395
    6404.652  1.000797
    6404.674  0.998127
    6404.697  0.9958954
    6404.719  0.9969851
    6404.741  1.005011
    6404.763  0.9967295
    6404.785  0.9945112
    6404.807  0.9964163
    6404.829  0.9998724
    6404.851  1.002902
    6404.873  1.006386
    6404.895  1.004535
    6404.917  0.9976007
    6404.939  0.9936367
    6404.961  0.9985891
    6404.983  1.003824
    6405.005  1.005145
    6405.027  1.000547
    6405.049  0.9969019
    6405.071  1.002012
    6405.093  1.005348
    6405.115  1.004268
    6405.137  1.000438
    6405.159  0.9992724
    6405.181  0.9990387
    6405.203  1.003236
    6405.225  1.003804
    6405.247  1.000472
    6405.269  1.001349
    6405.291  1.000391
    6405.313  0.9987614
    6405.336  1.000103
    6405.358  1.00251
    6405.380  1.007647
    6405.402  1.005006
    6405.424  1.00556
    6405.446  1.00606
    6405.468  0.9962664
    6405.490  0.9984078
    6405.512  1.006369
    6405.534  1.004689
    6405.556  1.000379
    6405.578  1.000458
    6405.600  1.00291
    6405.622  0.9961599
    6405.644  0.9933687
    6405.666  1.002898
    6405.688  1.006506
    6405.710  1.002309
    6405.732  0.9996296
    6405.754  1.001188
    6405.776  1.001028
    6405.798  0.9970289
    6405.820  0.9986248
    6405.842  1.005461
    6405.864  0.9972589
    6405.886  1.00021
    6405.908  1.000503
    6405.930  1.003809
    6405.952  0.9997846
    6405.975  0.9897153
    6405.997  0.9918095
    6406.019  1.001163
    6406.041  1.000999
    6406.063  1.001877
    6406.085  1.00429
    6406.107  1.004267
    6406.129  0.9994555
    6406.151  0.9931926
    6406.173  1.000298
    6406.195  0.9917762
    6406.217  0.9908013
    6406.239  0.9890965
    6406.261  0.9922652
    6406.283  0.9908389
    6406.305  0.9914039
    6406.327  0.9896709
    6406.349  0.988389
    6406.371  0.9904925
    6406.393  0.9907728
    6406.415  1.000659
    6406.437  0.9936494
    6406.459  0.9929376
    6406.481  0.9916697
    6406.503  0.9817727
    6406.525  0.9865024
    6406.547  0.9918872
    6406.569  0.9952576
    6406.591  0.9960607
    6406.614  0.9997573
    6406.636  0.991726
    6406.658  0.9899766
    6406.680  0.9927557
    6406.702  0.9886581
    6406.724  0.9886101
    6406.746  0.9909965
    6406.768  0.9852861
    6406.790  0.9831581
    6406.812  0.9922587
    6406.834  0.9991422
    6406.856  0.9948166
    6406.878  0.9927187
    6406.900  0.9908725
    6406.922  0.9856215
    6406.944  0.9891644
    6406.966  0.9902923
    6406.988  0.9894851
    6407.010  0.9871774
    6407.032  0.9794819
    6407.054  0.9814613
    6407.076  0.9946587
    6407.098  0.9932604
    6407.120  0.9842629
    6407.142  0.9889253
    6407.164  0.9947098
    6407.186  1.000047
    6407.208  0.9947865
    6407.230  0.9935755
    6407.253  0.9985822
    6407.275  1.000437
    6407.297  1.004629
    6407.319  1.003126
    6407.341  1.008621
    6407.363  1.007631
    6407.385  0.9998514
    6407.407  0.9965363
    6407.429  0.9986737
    6407.451  1.00086
    6407.473  0.9867144
    6407.495  0.9858955
    6407.517  0.9954436
    6407.539  0.9864259
    6407.561  0.981987
    6407.583  0.9927
    6407.605  0.9906927
    6407.627  0.9782879
    6407.649  0.9827593
    6407.671  0.989617
    6407.693  0.9773366
    6407.715  0.9699261
    6407.737  0.9691336
    6407.759  0.9618248
    6407.781  0.958625
    6407.803  0.953641
    6407.825  0.9484483
    6407.847  0.9472036
    6407.869  0.9486007
    6407.892  0.9553675
    6407.914  0.9596731
    6407.936  0.9588796
    6407.958  0.9579259
    6407.980  0.9632075
    6408.002  0.9699484
    6408.024  0.9793667
    6408.046  0.9814882
    6408.068  0.9764055
    6408.090  0.9762754
    6408.112  0.979876
    6408.134  0.9867463
    6408.156  0.9899402
    6408.178  0.9872146
    6408.200  0.9896299
    6408.222  0.9857076
    6408.244  0.9780878
    6408.266  0.9716562
    6408.288  0.9731774
    6408.310  0.9717548
    6408.332  0.9677026
    6408.354  0.9552163
    6408.376  0.9492723
    6408.398  0.9404607
    6408.420  0.9292836
    6408.442  0.9202859
    6408.464  0.9010186
    6408.486  0.8809068
    6408.508  0.8780804
    6408.531  0.8682014
    6408.553  0.8568137
    6408.575  0.8548767
    6408.597  0.8539287
    6408.619  0.8580316
    6408.641  0.867047
    6408.663  0.8807612
    6408.685  0.8979486
    6408.707  0.9137745
    6408.729  0.9292473
    6408.751  0.9442162
    6408.773  0.9470214
    6408.795  0.9509882
    6408.817  0.9655894
    6408.839  0.9690565
    6408.861  0.9691356
    6408.883  0.9751024
    6408.905  0.9741395
    6408.927  0.9753737
    6408.949  0.9818062
    6408.971  0.9920373
    6408.993  0.993986
    6409.015  0.9917381
    6409.037  0.9851125
    6409.059  0.9719183
    6409.081  0.964959
    6409.103  0.9551886
    6409.125  0.9304165
    6409.148  0.9146684
    6409.170  0.901291
    6409.192  0.8814899
    6409.214  0.8813271
    6409.236  0.8860767
    6409.258  0.8892664
    6409.280  0.8960519
    6409.302  0.9011217
    6409.324  0.9129555
    6409.346  0.9303312
    6409.368  0.9392195
    6409.390  0.9439883
    6409.412  0.9576388
    6409.434  0.9687229
    6409.456  0.9752524
    6409.478  0.9831504
    6409.500  0.9932213
    6409.522  0.9958104
    6409.544  0.9940298
    6409.566  0.9987505
    6409.588  0.9966559
    6409.610  0.9982338
    6409.632  1.001994
    6409.654  1.002564
    6409.676  1.005222
    6409.698  1.006486
    6409.720  1.000477
    6409.742  0.9991763
    6409.764  1.002606
    6409.787  0.9995059
    6409.809  0.9910135
    6409.831  0.9905921
    6409.853  0.9948943
    6409.875  0.9988388
    6409.897  0.9964054
    6409.919  0.996279
    6409.941  0.9974344
    6409.963  0.9911088
    6409.985  0.9915186
    6410.007  0.9962693
    6410.029  0.9945493
    6410.051  0.9992972
    6410.073  1.005324
    6410.095  1.014062
    6410.117  1.019712
    6410.139  1.000187
    6410.161  0.9946889
    6410.183  0.9995953
    6410.205  0.9992493
    6410.227  1.009478
    6410.249  1.011098
    6410.271  1.003919
    6410.293  1.005024
    6410.315  1.001391
    6410.337  1.002588
    6410.359  0.9985275
    6410.381  0.9963749
    6410.403  1.003199
    6410.426  1.00326
    6410.448  1.005678
    6410.470  1.006169
    6410.492  1.000498
    6410.514  1.001837
    6410.536  1.006946
    6410.558  0.9997198
    6410.580  0.9936365
    6410.602  0.9922712
    6410.624  1.001461
    6410.646  1.00564
    6410.668  1.008306
    6410.690  1.008241
    6410.712  1.001999
    6410.734  1.004308
    6410.756  1.009538
    6410.778  1.017779
    6410.800  1.00437
    6410.822  0.9990854
    6410.844  0.9976065
    6410.866  1.003468
    6410.888  1.008442
    6410.910  1.000261
    6410.932  1.005507
    6410.954  1.010342
    6410.976  1.007516
    6410.998  1.002524
    6411.020  1.001517
    6411.042  1.002944
    6411.065  1.006741
    6411.087  1.011143
    6411.109  1.015353
    6411.131  1.011057
    6411.153  1.000209
    6411.175  1.001387
    6411.197  1.007278
    6411.219  0.9989569
    6411.241  0.9918653
    6411.263  0.9989452
    6411.285  1.002295
    6411.307  0.9979984
    6411.329  0.9976909
    6411.351  0.9965438
    6411.373  0.9930049
    6411.395  0.994961
    6411.417  0.9977951
    6411.439  0.9957588
    6411.461  1.000994
    6411.483  0.9942037
    6411.505  0.9947219
    6411.527  1.003048
    6411.549  0.996573
    6411.571  0.9879574
    6411.593  0.9872088
    6411.615  0.9911045
    6411.637  0.9857026
    6411.659  0.9888842
    6411.681  0.9926202
    6411.704  0.9897494
    6411.726  0.9995939
    6411.748  1.002048
    6411.770  0.9999843
    6411.792  1.000592
    6411.814  0.9904439
    6411.836  0.9848015
    6411.858  0.996445
    6411.880  1.000216
    6411.902  1.005849
    6411.924  0.9902655
    6411.946  0.9986014
    6411.968  0.9916317
    6411.990  0.978074
    6412.012  0.9666325
    6412.034  0.9545614
    6412.056  0.9420026
    6412.078  0.9277485
    6412.100  0.9095985
    6412.122  0.8931122
    6412.144  0.873906
    6412.166  0.8581068
    6412.188  0.8463994
    6412.210  0.8390044
    6412.232  0.8301707
    6412.254  0.8318726
    6412.276  0.8464144
    6412.298  0.8545873
    6412.320  0.8756341
    6412.343  0.8986135
    6412.365  0.9117426
    6412.387  0.9304172
    6412.409  0.9529618
    6412.431  0.9599066
    6412.453  0.959641
    6412.475  0.9668448
    6412.497  0.9821673
    6412.519  0.9916351
    6412.541  0.9924942
    6412.563  0.9955441
    6412.585  0.9909016
    6412.607  0.9900748
    6412.629  0.9850824
    6412.651  0.9736245
    6412.673  0.9713245
    6412.695  0.9642544
    6412.717  0.9530728
    6412.739  0.942838
    6412.761  0.9189648
    6412.783  0.8952097
    6412.805  0.880981
    6412.827  0.8637246
    6412.849  0.8563828
    6412.871  0.8589768
    6412.893  0.8712993
    6412.915  0.8852933
    6412.937  0.8950601
    6412.959  0.9134584
    6412.982  0.9376543
    6413.004  0.9541547
    6413.026  0.9702511
    6413.048  0.9780207
    6413.070  0.9902545
    6413.092  0.9930809
    6413.114  0.9872066
    6413.136  0.9969564
    6413.158  1.005194
    6413.180  0.9992766
    6413.202  0.9947696
    6413.224  0.9931732
    6413.246  0.9943423
    6413.268  0.9917567
    6413.290  0.9975933
    6413.312  1.003145
    6413.334  1.003756
    6413.356  1.005095
    6413.378  1.00474
    6413.400  0.9967555
    6413.422  1.000146
    6413.444  0.9974198
    6413.466  1.002002
    6413.488  1.009703
    6413.510  1.010207
    6413.532  1.003895
    6413.554  1.005244
    6413.576  1.003156
    6413.599  0.9970778
    6413.621  0.9989118
    6413.643  1.001001
    6413.665  0.9965344
    6413.687  0.9981686
    6413.709  1.006767
    6413.731  1.012386
    6413.753  1.005799
    6413.775  0.9975989
    6413.797  0.9986477
    6413.819  1.002259
    6413.841  1.003897
    6413.863  1.007617
    6413.885  1.007793
    6413.907  1.01108
    6413.929  1.001015
    6413.951  0.9942788
    6413.973  1.00896
    6413.995  1.018788
    6414.017  1.01169
    6414.039  1.003008
    6414.061  1.005016
    6414.083  1.001416
    6414.105  0.9999309
    6414.127  1.004385
    6414.149  0.9970294
    6414.171  0.9972891
    6414.193  0.9952623
    6414.215  0.996216
    6414.238  1.003594
    6414.260  1.003332
    6414.282  1.01439
    6414.304  1.010604
    6414.326  1.001785
    6414.348  1.003153
    6414.370  1.011577
    6414.392  1.016383
    6414.414  1.008978
    6414.436  1.006206
    6414.458  1.005296
    6414.480  1.002291
    6414.502  1.002154
    6414.524  1.00885
    6414.546  1.011165
    6414.568  1.010625
    6414.590  1.011064
    6414.612  1.01128
    6414.634  1.009419
    6414.656  1.010418
    6414.678  1.019614
    6414.700  1.010225
    6414.722  1.009181
    6414.744  1.011747
    6414.766  1.001458
    6414.788  1.001394
    6414.810  1.002607
    6414.832  0.9968731
    6414.854  0.994276
    6414.877  0.9935782
    6414.899  0.9962422
    6414.921  1.004426
    6414.943  1.003011
    6414.965  0.9952924
    6414.987  0.9974636
    6415.009  1.005368
    6415.031  1.008118
    6415.053  1.003707
    6415.075  0.9933376
    6415.097  0.9903166
    6415.119  0.9861045
    6415.141  0.9871005
    6415.163  0.9868752
    6415.185  0.9885415
    6415.207  0.9856673
    6415.229  0.9885443
    6415.251  0.998551
    6415.273  0.9937666
    6415.295  0.9892407
    6415.317  0.9958331
    6415.339  0.9922087
    6415.361  0.9880873
    6415.383  0.9818406
    6415.405  0.9738516
    6415.427  0.9656735
    6415.449  0.9677495
    6415.471  0.9681851
    6415.493  0.9554092
    6415.516  0.9433905
    6415.538  0.942086
    6415.560  0.9426371
    6415.582  0.9487833
    6415.604  0.9499438
    6415.626  0.9492854
    6415.648  0.9508819
    6415.670  0.9562675
    6415.692  0.958212
    6415.714  0.9686958
    6415.736  0.9624638
    6415.758  0.9743375
    6415.780  0.9677528
    6415.802  0.9709448
    6415.824  0.9810412
    6415.846  0.9840071
    6415.868  0.9861711
    6415.890  0.9808523
    6415.912  0.9826514
    6415.934  0.9870569
    6415.956  0.9878581
    6415.978  0.9805032
    6416.000  0.9819813
    6416.022  0.9828734
    6416.044  0.9674095
    6416.066  0.9600416
    6416.088  0.9477939
    6416.110  0.9475567
    6416.132  0.9482503
    6416.155  0.9360419
    6416.177  0.9315159
    6416.199  0.9340618
    6416.221  0.9358639
    6416.243  0.9365073
    6416.265  0.9459565
    6416.287  0.957495
    6416.309  0.9669185
    6416.331  0.9752844
    6416.353  0.9769918
    6416.375  0.9793873
    6416.397  0.9905329
    6416.419  0.9934443
    6416.441  0.9912139
    6416.463  1.00075
    6416.485  1.008567
    6416.507  1.001821
    6416.529  0.9980581
    6416.551  1.001846
    6416.573  0.9999858
    6416.595  0.9954135
    6416.617  0.9926067
    6416.639  0.9982194
    6416.661  0.9950834
    6416.683  0.9928627
    6416.705  0.9924055
    6416.727  0.992774
    6416.749  0.9995794
    6416.771  0.9989554
    6416.794  0.9907342
    6416.816  0.9949111
    6416.838  1.001697
    6416.860  1.002958
    6416.882  1.002345
    6416.904  1.006356
    6416.926  1.013147
    6416.948  1.007487
    6416.970  1.001374
    6416.992  1.002047
    6417.014  0.9993237
    6417.036  0.9983265
    6417.058  0.9957448
    6417.080  0.9909602
    6417.102  0.9955635
    6417.124  0.9982446
    6417.146  1.006225
    6417.168  1.0115
    6417.190  1.005149
    6417.212  0.9968217
    6417.234  1.000925
    6417.256  0.9905493
    6417.278  0.9821815
    6417.300  0.9754267
    6417.322  0.9715738
    6417.344  0.9636919
    6417.366  0.9378744
    6417.388  0.9225978
    6417.410  0.921695
    6417.433  0.9132829
    6417.455  0.8965079
    6417.477  0.8811414
    6417.499  0.8805441
    6417.521  0.8903982
    6417.543  0.9016612
    6417.565  0.9123777
    6417.587  0.9222376
    6417.609  0.938861
    6417.631  0.9502199
    6417.653  0.9584017
    6417.675  0.9695886
    6417.697  0.9731617
    6417.719  0.9713612
    6417.741  0.9708899
    6417.763  0.9767506
    6417.785  0.9913441
    6417.807  0.9983748
    6417.829  0.9956013
    6417.851  1.000132
    6417.873  1.009322
    6417.895  0.9984997
    6417.917  0.9871007
    6417.939  0.9912559
    6417.961  0.9864874
    6417.983  0.9763142
    6418.005  0.9692395
    6418.027  0.9485279
    6418.049  0.9404308
    6418.072  0.9257315
    6418.094  0.9045156
    6418.116  0.8959621
    6418.138  0.9014791
    6418.160  0.9112767
    6418.182  0.9168514
    6418.204  0.923007
    6418.226  0.9315999
    6418.248  0.9509349
    6418.270  0.9560241
    6418.292  0.9666672
    6418.314  0.9815235
    6418.336  0.9780623
    6418.358  0.9888703
    6418.380  0.9980332
    6418.402  0.9949936
    6418.424  0.9989303
    6418.446  0.9962101
    6418.468  1.006372
    6418.490  1.009902
    6418.512  0.9966981
    6418.534  1.000726
    6418.556  1.005826
    6418.578  0.9997417
    6418.600  1.000873
    6418.622  0.9968159
    6418.644  1.001704
    6418.666  1.006048
    6418.689  1.003327
    6418.711  1.004753
    6418.733  1.005174
    6418.755  1.004729
    6418.777  0.9966695
    6418.799  0.9963508
    6418.821  0.9929805
    6418.843  0.9910816
    6418.865  0.9984328
    6418.887  0.9989543
    6418.909  0.993997
    6418.931  0.9928465
    6418.953  0.9887974
    6418.975  0.9947125
    6418.997  0.9980862
    6419.019  0.9967849
    6419.041  0.9897137
    6419.063  0.9949662
    6419.085  0.998187
    6419.107  0.9985317
    6419.129  1.006362
    6419.151  1.004769
    6419.173  0.9992506
    6419.195  1.003078
    6419.217  1.004858
    6419.239  1.005033
    6419.261  1.005828
    6419.283  1.007468
    6419.305  1.009853
    6419.328  1.001692
    6419.350  0.9931633
    6419.372  0.9969953
    6419.394  1.006671
    6419.416  0.9990591
    6419.438  0.9911623
    6419.460  0.9994083
    6419.482  1.007247
    6419.504  0.9996054
    6419.526  0.999689
    6419.548  1.007259
    6419.570  1.007575
    6419.592  1.008006
    6419.614  1.006577
    6419.636  1.001944
    6419.658  1.008321
    6419.680  1.008153
    6419.702  1.00505
    6419.724  1.000428
    6419.746  1.004517
    6419.768  1.007999
    6419.790  0.9969057
    6419.812  1.001079
    6419.834  1.004835
    6419.856  1.011135
    6419.878  1.01385
    6419.900  1.005176
    6419.922  1.001072
    6419.944  1.012273
    6419.967  1.006051
    6419.989  0.9935697
    6420.011  0.9906793
    6420.033  0.9936237
    6420.055  0.9959273
    6420.077  0.9998482
    6420.099  0.998409
    6420.121  0.9897066
    6420.143  0.9885694
    6420.165  0.9881395
    6420.187  0.981638
    6420.209  0.9793891
    6420.231  0.9863706
    6420.253  0.9851159
    6420.275  0.9773339
    6420.297  0.980263
    6420.319  0.9809756
    6420.341  0.9765164
    6420.363  0.9589526
    6420.385  0.9487345
    6420.407  0.9465926
    6420.429  0.9203553
    6420.451  0.9040366
    6420.473  0.8964604
    6420.495  0.8789677
    6420.517  0.8806594
    6420.539  0.8931636
    6420.561  0.8950921
    6420.583  0.9070417
    6420.606  0.9169424
    6420.628  0.9272988
    6420.650  0.934783
    6420.672  0.9367681
    6420.694  0.961071
    6420.716  0.9777973
    6420.738  0.9724236
    6420.760  0.9770498
    6420.782  0.9863988
    6420.804  0.9838364
    6420.826  0.9813361
    6420.848  0.9862781
    6420.870  0.9891796
    6420.892  0.9880604
    6420.914  0.9876643
    6420.936  0.9872242
    6420.958  0.9893926
    6420.980  0.9901601
    6421.002  0.9821414
    6421.024  0.9615776
    6421.046  0.9326093
    6421.068  0.9245749
    6421.090  0.913318
    6421.112  0.906727
    6421.134  0.8951859
    6421.156  0.8888321
    6421.178  0.8961356
    6421.200  0.9024333
    6421.222  0.9191566
    6421.245  0.9360599
    6421.267  0.9444097
    6421.289  0.9639847
    6421.311  0.9754658
    6421.333  0.976773
    6421.355  0.9826837
    6421.377  0.9949062
    6421.399  1.000477
    6421.421  1.006796
    6421.443  1.013311
    6421.465  1.005931
    6421.487  1.004164
    6421.509  1.006161
    6421.531  1.006071
    6421.553  1.011476
    6421.575  1.011451
    6421.597  1.003621
    6421.619  0.9945369
    6421.641  0.9914433
    6421.663  0.984282
    6421.685  0.9798079
    6421.707  0.9817103
    6421.729  0.9699028
    6421.751  0.9615143
    6421.773  0.9535524
    6421.795  0.9399151
    6421.817  0.9171362
    6421.839  0.9015578
    6421.861  0.8985275
    6421.884  0.8744746
    6421.906  0.8603387
    6421.928  0.8593099
    6421.950  0.8670157
    6421.972  0.8768622
    6421.994  0.8948261
    6422.016  0.906127
    6422.038  0.915068
    6422.060  0.9242148
    6422.082  0.9365911
    6422.104  0.9581414
    6422.126  0.9661103
    6422.148  0.9711035
    6422.170  0.9788522
    6422.192  0.9922756
    6422.214  1.002092
    6422.236  0.995593
    6422.258  0.9929019
    6422.280  0.9914837
    6422.302  0.9871046
    6422.324  0.9768808
