    6382.750  1926.463
    6382.772  1956.215
    6382.794  1981.615
    6382.815  2085.933
    6382.837  2189.408
    6382.859  2159.47
    6382.881  2231.126
    6382.902  2321.443
    6382.924  2247.792
    6382.946  2235.756
    6382.968  2271.308
    6382.990  2268.493
    6383.011  2277.383
    6383.033  2257.371
    6383.055  2204.02
    6383.077  2254.498
    6383.098  2277.534
    6383.120  2226.402
    6383.142  2175.396
    6383.164  2170.505
    6383.186  2259.237
    6383.207  2254.188
    6383.229  2225.396
    6383.251  2222.39
    6383.273  2186.809
    6383.294  2199.427
    6383.316  2253.198
    6383.338  2234.842
    6383.360  2246.979
    6383.381  2300.587
    6383.403  2305.039
    6383.425  2262.75
    6383.447  2200.937
    6383.469  2226.92
    6383.490  2288.834
    6383.512  2273.34
    6383.534  2255.627
    6383.556  2283.798
    6383.577  2258.364
    6383.599  2227.69
    6383.621  2287.065
    6383.643  2219.876
    6383.665  2185.977
    6383.686  2268.3
    6383.708  2313.636
    6383.730  2320.496
    6383.752  2282.842
    6383.773  2285.306
    6383.795  2251.523
    6383.817  2241.706
    6383.839  2272.192
    6383.861  2260.363
    6383.882  2224.602
    6383.904  2214.069
    6383.926  2279.101
    6383.948  2272.725
    6383.969  2261.597
    6383.991  2264.95
    6384.013  2248.153
    6384.035  2252.929
    6384.057  2275.421
    6384.078  2286.976
    6384.100  2259.413
    6384.122  2226.824
    6384.144  2199.713
    6384.165  2231.799
    6384.187  2216.262
    6384.209  2267.754
    6384.231  2290.989
    6384.253  2265.332
    6384.274  2270.591
    6384.296  2312.228
    6384.318  2270.655
    6384.340  2183.499
    6384.361  2179.783
    6384.383  2239.534
    6384.405  2327.807
    6384.427  2282.736
    6384.448  2234.63
    6384.470  2214.419
    6384.492  2227.862
    6384.514  2281.873
    6384.536  2279.72
    6384.557  2274.662
    6384.579  2260.12
    6384.601  2232.463
    6384.623  2194.228
    6384.644  2230.253
    6384.666  2240.201
    6384.688  2152.248
    6384.710  2213.504
    6384.732  2277.618
    6384.753  2255.568
    6384.775  2294.636
    6384.797  2318.37
    6384.819  2314.262
    6384.840  2287.097
    6384.862  2229.399
    6384.884  2270.201
    6384.906  2226.555
    6384.928  2215.385
    6384.949  2284.029
    6384.971  2234.319
    6384.993  2252.22
    6385.015  2249.073
    6385.036  2209.871
    6385.058  2282.727
    6385.080  2276.698
    6385.102  2238.79
    6385.124  2232.748
    6385.145  2229.88
    6385.167  2183.987
    6385.189  2114.022
    6385.211  2127.036
    6385.232  2131.696
    6385.254  2102.039
    6385.276  2126.272
    6385.298  2180.099
    6385.320  2283.831
    6385.341  2284.888
    6385.363  2224.182
    6385.385  2237.833
    6385.407  2245.829
    6385.428  2282.267
    6385.450  2292.498
    6385.472  2261.4
    6385.494  2299.912
    6385.515  2352.156
    6385.537  2294.551
    6385.559  2198.962
    6385.581  2225.935
    6385.603  2288.045
    6385.624  2335.484
    6385.646  2302.684
    6385.668  2222.358
    6385.690  2205.101
    6385.711  2238.403
    6385.733  2251.995
    6385.755  2251.789
    6385.777  2203.061
    6385.799  2210.85
    6385.820  2272.334
    6385.842  2286.982
    6385.864  2264.893
    6385.886  2236.708
    6385.907  2220.584
    6385.929  2147.313
    6385.951  2140.951
    6385.973  2217.599
    6385.995  2269.597
    6386.016  2247.212
    6386.038  2162.032
    6386.060  2151.016
    6386.082  2159.079
    6386.103  2069.182
    6386.125  1942.804
    6386.147  1876.396
    6386.169  1874.616
    6386.191  1931.418
    6386.212  2023.741
    6386.234  2094.617
    6386.256  2162.219
    6386.278  2255.926
    6386.299  2255.262
    6386.321  2189.844
    6386.343  2238.279
    6386.365  2267.977
    6386.387  2264.057
    6386.408  2239.838
    6386.430  2178.982
    6386.452  2116.791
    6386.474  2156.799
    6386.495  2238.898
    6386.517  2220.146
    6386.539  2224.785
    6386.561  2191.753
    6386.582  2082.504
    6386.604  2065.517
    6386.626  2072.299
    6386.648  2053.085
    6386.670  2061.436
    6386.691  2080.133
    6386.713  2065.249
    6386.735  2097.182
    6386.757  2084.77
    6386.778  2174.552
    6386.800  2267.201
    6386.822  2260.455
    6386.844  2264.622
    6386.866  2237.153
    6386.887  2141.842
    6386.909  2185.759
    6386.931  2195.491
    6386.953  2173.872
    6386.974  2200.3
    6386.996  2282.597
    6387.018  2311.333
    6387.040  2277.991
    6387.062  2237.112
    6387.083  2207.1
    6387.105  2273.146
    6387.127  2262.905
    6387.149  2185.759
    6387.170  2153.693
    6387.192  2135.328
    6387.214  2098.447
    6387.236  2074.472
    6387.258  2115.88
    6387.279  2195.927
    6387.301  2212.967
    6387.323  2234.885
    6387.345  2250.783
    6387.366  2296.322
    6387.388  2264.484
    6387.410  2254.78
    6387.432  2301.012
    6387.454  2310.148
    6387.475  2286.915
    6387.497  2250.563
    6387.519  2215.791
    6387.541  2267.624
    6387.562  2324.117
    6387.584  2309.246
    6387.606  2287.328
    6387.628  2293.244
    6387.649  2269.578
    6387.671  2239.196
    6387.693  2224.041
    6387.715  2189.692
    6387.737  2155.702
    6387.758  2132.497
    6387.780  2132.635
    6387.802  2160.984
    6387.824  2218.769
    6387.845  2263.647
    6387.867  2275.467
    6387.889  2222.727
    6387.911  2235.571
    6387.933  2262.212
    6387.954  2283.195
    6387.976  2352.202
    6387.998  2314.792
    6388.020  2290.513
    6388.041  2245.795
    6388.063  2252.382
    6388.085  2323.167
    6388.107  2328.109
    6388.129  2355.231
    6388.150  2370.098
    6388.172  2317.297
    6388.194  2266.463
    6388.216  2278.621
    6388.237  2254.92
    6388.259  2305.704
    6388.281  2277.297
    6388.303  2232.747
    6388.325  2256.546
    6388.346  2277.988
    6388.368  2275.869
    6388.390  2253.262
    6388.412  2309.938
    6388.433  2280.159
    6388.455  2282.421
    6388.477  2254.839
    6388.499  2308.825
    6388.521  2294.094
    6388.542  2232.246
    6388.564  2216.696
    6388.586  2220.635
    6388.608  2255.715
    6388.629  2217.992
    6388.651  2221.64
    6388.673  2217.473
    6388.695  2251.743
    6388.716  2312.413
    6388.738  2291.592
    6388.760  2253.541
    6388.782  2270.618
    6388.804  2274.075
    6388.825  2253.24
    6388.847  2234.624
    6388.869  2267.034
    6388.891  2304.98
    6388.912  2233.259
    6388.934  2177.476
    6388.956  2224.145
    6388.978  2293.997
    6389.000  2287.156
    6389.021  2270.395
    6389.043  2282.662
    6389.065  2289.828
    6389.087  2269.84
    6389.108  2250.506
    6389.130  2221.9
    6389.152  2192.302
    6389.174  2263.786
    6389.196  2273.769
    6389.217  2253.834
    6389.239  2277.81
    6389.261  2326.931
    6389.283  2283.984
    6389.304  2296.338
    6389.326  2287.117
    6389.348  2308.592
    6389.370  2239.191
    6389.392  2233.19
    6389.413  2280.751
    6389.435  2276.106
    6389.457  2224.531
    6389.479  2211.283
    6389.500  2237.844
    6389.522  2241.691
    6389.544  2216.7
    6389.566  2267.805
    6389.588  2327.111
    6389.609  2298.004
    6389.631  2243.728
    6389.653  2293.146
    6389.675  2308.609
    6389.696  2267.514
    6389.718  2267.364
    6389.740  2241.517
    6389.762  2263.496
    6389.784  2271.919
    6389.805  2266.058
    6389.827  2250.983
    6389.849  2231.408
    6389.871  2256.372
    6389.892  2270.146
    6389.914  2267.368
    6389.936  2242.685
    6389.958  2274.86
    6389.979  2272.995
    6390.001  2249.527
    6390.023  2283.814
    6390.045  2261.722
    6390.067  2234.695
    6390.088  2271.47
    6390.110  2300.116
    6390.132  2281.301
    6390.154  2215.488
    6390.175  2212.513
    6390.197  2243.223
    6390.219  2246.887
    6390.241  2217.638
    6390.263  2240.39
    6390.284  2256.24
    6390.306  2269.559
    6390.328  2317.498
    6390.350  2262.992
    6390.371  2238.589
    6390.393  2204.681
    6390.415  2146.382
    6390.437  2206.822
    6390.459  2196.458
    6390.480  2171.817
    6390.502  2233.346
    6390.524  2247.697
    6390.546  2196.63
    6390.567  2281.508
    6390.589  2324.647
    6390.611  2280.878
    6390.633  2248.438
    6390.655  2307.167
    6390.676  2248.494
    6390.698  2289.674
    6390.720  2315.028
    6390.742  2317.448
    6390.763  2346.508
    6390.785  2251.538
    6390.807  2185.55
    6390.829  2187.249
    6390.851  2193.813
    6390.872  2278.305
    6390.894  2289.973
    6390.916  2331.545
    6390.938  2390.992
    6390.959  2326.
    6390.981  2228.401
    6391.003  2190.052
    6391.025  2261.333
    6391.046  2212.411
    6391.068  2221.934
    6391.090  2272.748
    6391.112  2302.183
    6391.134  2289.739
    6391.155  2258.167
    6391.177  2241.294
    6391.199  2154.851
    6391.221  2206.346
    6391.242  2300.702
    6391.264  2273.317
    6391.286  2248.766
    6391.308  2207.36
    6391.330  2242.955
    6391.351  2269.685
    6391.373  2248.906
    6391.395  2167.709
    6391.417  2242.623
    6391.438  2312.1
    6391.460  2336.123
    6391.482  2268.879
    6391.504  2234.549
    6391.526  2268.127
    6391.547  2284.767
    6391.569  2189.789
    6391.591  2201.85
    6391.613  2250.594
    6391.634  2245.51
    6391.656  2310.176
    6391.678  2275.064
    6391.700  2186.885
    6391.722  2217.648
    6391.743  2240.28
    6391.765  2242.268
    6391.787  2250.896
    6391.809  2290.907
    6391.830  2253.684
    6391.852  2236.01
    6391.874  2299.102
    6391.896  2317.896
    6391.918  2261.687
    6391.939  2251.56
    6391.961  2274.081
    6391.983  2247.303
    6392.005  2258.37
    6392.026  2260.282
    6392.048  2228.55
    6392.070  2269.45
    6392.092  2303.598
    6392.113  2293.544
    6392.135  2287.594
    6392.157  2308.922
    6392.179  2363.636
    6392.201  2361.672
    6392.222  2314.641
    6392.244  2263.115
    6392.266  2237.338
    6392.288  2262.561
    6392.309  2296.573
    6392.331  2287.334
    6392.353  2254.66
    6392.375  2224.005
    6392.397  2276.835
    6392.418  2312.638
    6392.440  2271.808
    6392.462  2237.862
    6392.484  2278.527
    6392.505  2308.894
    6392.527  2273.804
    6392.549  2296.396
    6392.571  2329.627
    6392.593  2285.821
    6392.614  2256.213
    6392.636  2246.081
    6392.658  2229.975
    6392.680  2229.492
    6392.701  2325.692
    6392.723  2260.82
    6392.745  2244.612
    6392.767  2270.013
    6392.789  2222.412
    6392.810  2230.817
    6392.832  2243.153
    6392.854  2223.692
    6392.876  2297.729
    6392.897  2284.731
    6392.919  2198.111
    6392.941  2237.281
    6392.963  2346.306
    6392.985  2392.501
    6393.006  2319.5
    6393.028  2269.88
    6393.050  2275.155
    6393.072  2269.419
    6393.093  2234.457
    6393.115  2296.915
    6393.137  2321.854
    6393.159  2286.911
    6393.180  2269.267
    6393.202  2253.651
    6393.224  2267.682
    6393.246  2218.999
    6393.268  2160.651
    6393.289  2204.975
    6393.311  2128.524
    6393.333  2175.31
    6393.355  2267.032
    6393.376  2237.081
    6393.398  2269.078
    6393.420  2316.713
    6393.442  2235.712
    6393.464  2182.28
    6393.485  2226.206
    6393.507  2242.706
    6393.529  2201.197
    6393.551  2128.539
    6393.572  2213.865
    6393.594  2221.546
    6393.616  2289.089
    6393.638  2290.154
    6393.660  2227.115
    6393.681  2253.917
    6393.703  2227.901
    6393.725  2126.195
    6393.747  2207.569
    6393.768  2280.345
    6393.790  2234.058
    6393.812  2218.009
    6393.834  2245.259
    6393.856  2268.216
    6393.877  2268.002
    6393.899  2223.003
    6393.921  2223.097
    6393.943  2231.484
    6393.964  2204.038
    6393.986  2108.429
    6394.008  2024.171
    6394.030  2014.457
    6394.052  2000.035
    6394.073  2008.145
    6394.095  2020.371
    6394.117  2116.245
    6394.139  2173.23
    6394.160  2143.89
    6394.182  2171.594
    6394.204  2210.74
    6394.226  2216.069
    6394.247  2197.3
    6394.269  2247.822
    6394.291  2280.92
    6394.313  2259.545
    6394.335  2246.678
    6394.356  2282.761
    6394.378  2261.323
    6394.400  2237.494
    6394.422  2286.171
    6394.443  2259.165
    6394.465  2201.986
    6394.487  2188.457
    6394.509  2142.224
    6394.531  2010.203
    6394.552  2024.898
    6394.574  2086.138
    6394.596  2108.065
    6394.618  2139.635
    6394.639  2152.181
    6394.661  2177.708
    6394.683  2193.283
    6394.705  2229.958
    6394.727  2244.139
    6394.748  2209.357
    6394.770  2201.694
    6394.792  2252.288
    6394.814  2272.936
    6394.835  2198.27
    6394.857  2144.201
    6394.879  2143.798
    6394.901  2125.147
    6394.923  2109.761
    6394.944  2070.73
    6394.966  1980.455
    6394.988  1907.368
    6395.010  1789.955
    6395.031  1586.338
    6395.053  1451.412
    6395.075  1365.361
    6395.097  1289.749
    6395.119  1257.672
    6395.140  1275.667
    6395.162  1338.635
    6395.184  1462.563
    6395.206  1576.205
    6395.227  1664.392
    6395.249  1823.452
    6395.271  2010.433
    6395.293  2079.342
    6395.314  2094.024
    6395.336  2106.934
    6395.358  2138.015
    6395.380  2173.843
    6395.402  2175.868
    6395.423  2133.822
    6395.445  2109.532
    6395.467  2085.927
    6395.489  2087.651
    6395.510  2100.64
    6395.532  1979.559
    6395.554  1826.395
    6395.576  1811.662
    6395.598  1815.437
    6395.619  1716.163
    6395.641  1652.162
    6395.663  1684.82
    6395.685  1730.938
    6395.706  1802.367
    6395.728  1878.782
    6395.750  1976.793
    6395.772  2059.985
    6395.794  2112.461
    6395.815  2093.644
    6395.837  2107.349
    6395.859  2136.587
    6395.881  2122.856
    6395.902  2177.736
    6395.924  2249.444
    6395.946  2174.599
    6395.968  2192.492
    6395.990  2198.172
    6396.011  2154.435
    6396.033  2187.039
    6396.055  2225.491
    6396.077  2252.898
    6396.098  2236.831
    6396.120  2234.26
    6396.142  2226.055
    6396.164  2310.094
    6396.186  2270.72
    6396.207  2196.215
    6396.229  2233.683
    6396.251  2152.862
    6396.273  2103.86
    6396.294  2176.331
    6396.316  2224.867
    6396.338  2181.853
    6396.360  2146.701
    6396.381  2220.767
    6396.403  2230.615
    6396.425  2255.991
    6396.447  2216.551
    6396.469  2182.983
    6396.490  2204.754
    6396.512  2232.219
    6396.534  2205.636
    6396.556  2177.043
    6396.577  2196.852
    6396.599  2132.445
    6396.621  2171.137
    6396.643  2205.182
    6396.665  2166.081
    6396.686  2116.542
    6396.708  2188.108
    6396.730  2187.212
    6396.752  2154.685
    6396.773  2210.664
    6396.795  2270.09
    6396.817  2240.643
    6396.839  2230.742
    6396.861  2213.413
    6396.882  2194.373
    6396.904  2267.455
    6396.926  2298.365
    6396.948  2224.543
    6396.969  2211.992
    6396.991  2246.647
    6397.013  2273.037
    6397.035  2254.863
    6397.057  2259.678
    6397.078  2215.902
    6397.100  2169.643
    6397.122  2242.923
    6397.144  2266.229
    6397.165  2234.31
    6397.187  2182.357
    6397.209  2182.599
    6397.231  2212.114
    6397.253  2300.427
    6397.274  2279.164
    6397.296  2255.001
    6397.318  2304.876
    6397.340  2320.273
    6397.361  2229.493
    6397.383  2276.933
    6397.405  2259.807
    6397.427  2197.132
    6397.448  2218.898
    6397.470  2266.077
    6397.492  2311.397
    6397.514  2281.731
    6397.536  2182.777
    6397.557  2226.209
    6397.579  2244.826
    6397.601  2214.293
    6397.623  2225.244
    6397.644  2228.299
    6397.666  2279.323
    6397.688  2254.596
    6397.710  2250.207
    6397.732  2299.157
    6397.753  2298.718
    6397.775  2253.605
    6397.797  2226.236
    6397.819  2248.084
    6397.840  2271.391
    6397.862  2266.661
    6397.884  2227.876
    6397.906  2172.89
    6397.928  2204.086
    6397.949  2266.099
    6397.971  2295.694
    6397.993  2288.905
    6398.015  2288.588
    6398.036  2279.601
    6398.058  2240.874
    6398.080  2228.399
    6398.102  2207.65
    6398.124  2211.2
    6398.145  2214.086
    6398.167  2248.088
    6398.189  2281.744
    6398.211  2270.349
    6398.232  2246.76
    6398.254  2251.719
    6398.276  2242.084
    6398.298  2221.537
    6398.320  2190.043
    6398.341  2188.987
    6398.363  2208.795
    6398.385  2261.952
    6398.407  2276.385
    6398.428  2220.678
    6398.450  2212.385
    6398.472  2235.013
    6398.494  2231.196
    6398.515  2198.03
    6398.537  2245.651
    6398.559  2291.879
    6398.581  2312.803
    6398.603  2324.673
    6398.624  2289.643
    6398.646  2268.681
    6398.668  2263.891
    6398.690  2309.139
    6398.711  2359.872
    6398.733  2341.671
    6398.755  2305.601
    6398.777  2271.619
    6398.799  2275.467
    6398.820  2304.578
    6398.842  2324.382
    6398.864  2272.51
    6398.886  2198.785
    6398.907  2264.691
    6398.929  2279.743
    6398.951  2281.48
    6398.973  2329.813
    6398.995  2284.314
    6399.016  2201.152
    6399.038  2257.931
    6399.060  2347.855
    6399.082  2381.981
    6399.103  2332.113
    6399.125  2210.263
    6399.147  2262.675
    6399.169  2293.044
    6399.191  2257.934
    6399.212  2272.394
    6399.234  2297.245
    6399.256  2309.858
    6399.278  2292.512
    6399.299  2264.889
    6399.321  2216.555
    6399.343  2233.771
    6399.365  2263.324
    6399.387  2268.171
    6399.408  2241.433
    6399.430  2235.636
    6399.452  2259.801
    6399.474  2178.569
    6399.495  2105.439
    6399.517  2149.484
    6399.539  2196.292
    6399.561  2223.053
    6399.582  2258.673
    6399.604  2280.309
    6399.626  2290.018
    6399.648  2225.934
    6399.670  2179.344
    6399.691  2238.409
    6399.713  2267.329
    6399.735  2259.353
    6399.757  2202.438
    6399.778  2205.608
    6399.800  2259.226
    6399.822  2232.403
    6399.844  2242.812
    6399.866  2280.922
    6399.887  2250.004
    6399.909  2250.963
    6399.931  2280.441
    6399.953  2562.531
    6399.974  2855.044
    6399.996  2476.221
    6400.018  2361.017
    6400.040  2311.78
    6400.062  2240.699
    6400.083  2247.437
    6400.105  2281.516
    6400.127  2258.935
    6400.149  2297.328
    6400.170  2304.017
    6400.192  2289.814
    6400.214  2246.652
    6400.236  2218.663
    6400.258  2275.94
    6400.279  2337.205
    6400.301  2301.472
    6400.323  2207.234
    6400.345  2179.323
    6400.366  2145.805
    6400.388  2192.211
    6400.410  2249.151
    6400.432  2287.289
    6400.454  2342.037
    6400.475  2325.625
    6400.497  2226.005
    6400.519  2196.056
    6400.541  2221.621
    6400.562  2308.926
    6400.584  2268.435
    6400.606  2262.386
    6400.628  2288.278
    6400.649  2334.793
    6400.671  2354.184
    6400.693  2263.526
    6400.715  2262.716
    6400.737  2303.678
    6400.758  2288.759
    6400.780  2248.529
    6400.802  2302.035
    6400.824  2371.8
    6400.845  2363.564
    6400.867  2330.754
    6400.889  2225.866
    6400.911  2217.662
    6400.933  2237.228
    6400.954  2236.131
    6400.976  2248.875
    6400.998  2112.134
    6401.020  2143.548
    6401.041  2236.613
    6401.063  2171.111
    6401.085  2216.438
    6401.107  2214.473
    6401.129  2162.024
    6401.150  2184.581
    6401.172  2153.192
    6401.194  2117.256
    6401.216  2097.37
    6401.237  2080.659
    6401.259  2067.01
    6401.281  2041.97
    6401.303  2038.584
    6401.325  2019.641
    6401.346  1890.613
    6401.368  1748.968
    6401.390  1623.526
    6401.412  1612.104
    6401.433  1571.786
    6401.455  1403.696
    6401.477  1311.666
    6401.499  1290.579
    6401.521  1281.079
    6401.542  1283.976
    6401.564  1351.39
    6401.586  1450.867
    6401.608  1569.624
    6401.629  1671.797
    6401.651  1787.006
    6401.673  1712.819
    6401.695  1753.309
    6401.716  1785.657
    6401.738  1759.256
    6401.760  1663.829
    6401.782  1558.021
    6401.804  1417.484
    6401.825  1395.027
    6401.847  1412.467
    6401.869  1472.63
    6401.891  1564.702
    6401.912  1638.94
    6401.934  1738.587
    6401.956  1769.354
    6401.978  1732.898
    6402.000  1727.388
    6402.021  1712.408
    6402.043  1754.546
    6402.065  1805.51
    6402.087  1816.26
    6402.108  1863.663
    6402.130  1917.021
    6402.152  1914.311
    6402.174  1956.308
    6402.196  2029.757
    6402.217  2015.688
    6402.239  2046.002
    6402.261  2030.602
    6402.283  1971.677
    6402.304  1858.148
    6402.326  1777.261
    6402.348  1821.595
    6402.370  1945.731
    6402.392  2015.561
    6402.413  2067.716
    6402.435  2219.617
    6402.457  2209.345
    6402.479  2193.373
    6402.500  2247.863
    6402.522  2235.416
    6402.544  2235.169
    6402.566  2219.003
    6402.588  2182.373
    6402.609  2179.14
    6402.631  2218.33
    6402.653  2247.272
    6402.675  2251.568
    6402.696  2246.792
    6402.718  2237.697
    6402.740  2225.374
    6402.762  2280.799
    6402.784  2247.418
    6402.805  2230.758
    6402.827  2150.131
    6402.849  2148.31
    6402.871  2208.954
    6402.892  2264.848
    6402.914  2285.646
    6402.936  2320.65
    6402.958  2352.604
    6402.979  2289.064
    6403.001  2278.351
    6403.023  2301.666
    6403.045  2286.955
    6403.067  2296.721
    6403.088  2285.282
    6403.110  2204.481
    6403.132  2200.487
    6403.154  2286.102
    6403.175  2324.8
    6403.197  2284.129
    6403.219  2304.509
    6403.241  2344.91
    6403.263  2262.796
    6403.284  2246.197
    6403.306  2249.755
    6403.328  2240.239
    6403.350  2228.148
    6403.371  2216.042
    6403.393  2266.481
    6403.415  2209.386
    6403.437  2197.907
    6403.459  2300.562
    6403.480  2330.792
    6403.502  2294.593
    6403.524  2256.059
    6403.546  2244.377
    6403.567  2304.195
    6403.589  2309.92
    6403.611  2253.658
    6403.633  2244.713
    6403.655  2297.718
    6403.676  2236.603
    6403.698  2227.065
    6403.720  2252.866
    6403.742  2285.344
    6403.763  2255.125
    6403.785  2304.015
    6403.807  2232.366
    6403.829  2231.193
    6403.851  2310.187
    6403.872  2317.102
    6403.894  2331.863
    6403.916  2365.89
    6403.938  2339.339
    6403.959  2317.424
    6403.981  2290.625
    6404.003  2306.593
    6404.025  2292.899
    6404.046  2261.361
    6404.068  2300.148
    6404.090  2277.346
    6404.112  2209.597
    6404.134  2222.532
    6404.155  2196.458
    6404.177  2267.32
    6404.199  2246.076
    6404.221  2248.199
    6404.242  2315.877
    6404.264  2253.862
    6404.286  2247.968
    6404.308  2293.281
    6404.330  2280.73
    6404.351  2173.735
    6404.373  2200.442
    6404.395  2240.018
    6404.417  2272.385
    6404.438  2381.932
    6404.460  2386.211
    6404.482  2257.097
    6404.504  2267.833
    6404.526  2305.781
    6404.547  2287.698
    6404.569  2256.094
    6404.591  2270.111
    6404.613  2259.328
    6404.634  2251.835
    6404.656  2262.145
    6404.678  2248.632
    6404.700  2239.906
    6404.722  2239.285
    6404.743  2298.197
    6404.765  2309.965
    6404.787  2249.764
    6404.809  2222.3
    6404.830  2225.507
    6404.852  2220.044
    6404.874  2188.292
    6404.896  2172.387
    6404.918  2224.728
    6404.939  2264.518
    6404.961  2252.407
    6404.983  2237.113
    6405.005  2223.302
    6405.026  2180.905
    6405.048  2182.015
    6405.070  2204.442
    6405.092  2158.008
    6405.113  2177.108
    6405.135  2250.043
    6405.157  2242.091
    6405.179  2187.743
    6405.201  2205.118
    6405.222  2230.951
    6405.244  2224.5
    6405.266  2272.927
    6405.288  2258.112
    6405.309  2251.57
    6405.331  2237.502
    6405.353  2311.957
    6405.375  2328.874
    6405.397  2351.641
    6405.418  2376.318
    6405.440  2325.032
    6405.462  2285.583
    6405.484  2250.811
    6405.505  2222.812
    6405.527  2202.322
    6405.549  2235.929
    6405.571  2209.224
    6405.593  2231.178
    6405.614  2276.997
    6405.636  2297.59
    6405.658  2329.949
    6405.680  2282.172
    6405.701  2257.75
    6405.723  2233.215
    6405.745  2332.491
    6405.767  2357.986
    6405.789  2265.184
    6405.810  2286.348
    6405.832  2276.804
    6405.854  2278.136
    6405.876  2213.134
    6405.897  2207.326
    6405.919  2266.254
    6405.941  2307.765
    6405.963  2356.578
    6405.985  2320.208
    6406.006  2314.571
    6406.028  2284.233
    6406.050  2284.827
    6406.072  2322.661
    6406.093  2206.044
    6406.115  2214.333
    6406.137  2274.173
    6406.159  2307.654
    6406.180  2309.965
    6406.202  2414.794
    6406.224  2348.748
    6406.246  2248.955
    6406.268  2294.211
    6406.289  2303.929
    6406.311  2281.807
    6406.333  2271.574
    6406.355  2284.896
    6406.376  2266.432
    6406.398  2255.442
    6406.420  2291.016
    6406.442  2252.659
    6406.464  2274.345
    6406.485  2268.52
    6406.507  2212.469
    6406.529  2287.528
    6406.551  2282.596
    6406.572  2305.843
    6406.594  2281.161
    6406.616  2257.597
    6406.638  2245.754
    6406.660  2373.776
    6406.681  2375.461
    6406.703  2320.93
    6406.725  2288.953
    6406.747  2283.601
    6406.768  2247.593
    6406.790  2241.254
    6406.812  2265.346
    6406.834  2296.934
    6406.856  2259.161
    6406.877  2225.389
    6406.899  2192.815
    6406.921  2175.473
    6406.943  2184.529
    6406.964  2222.914
    6406.986  2279.141
    6407.008  2269.358
    6407.030  2270.373
    6407.052  2201.236
    6407.073  2204.21
    6407.095  2268.784
    6407.117  2207.882
    6407.139  2186.888
    6407.160  2209.487
    6407.182  2233.94
    6407.204  2146.331
    6407.226  2172.018
    6407.247  2178.649
    6407.269  2097.062
    6407.291  2133.664
    6407.313  2125.818
    6407.335  2127.967
    6407.356  2163.192
    6407.378  2228.52
    6407.400  2217.564
    6407.422  2220.474
    6407.443  2197.533
    6407.465  2086.659
    6407.487  2151.91
    6407.509  2205.244
    6407.531  2197.684
    6407.552  2239.646
    6407.574  2208.407
    6407.596  2265.369
    6407.618  2273.125
    6407.639  2233.159
    6407.661  2250.305
    6407.683  2254.68
    6407.705  2203.6
    6407.727  2206.9
    6407.748  2225.652
    6407.770  2230.044
    6407.792  2254.771
    6407.814  2294.373
    6407.835  2276.423
    6407.857  2199.782
    6407.879  2163.506
    6407.901  2226.629
    6407.923  2243.595
    6407.944  2261.872
    6407.966  2219.218
    6407.988  2201.184
    6408.010  2286.594
    6408.031  2250.356
    6408.053  2235.462
    6408.075  2259.373
    6408.097  2217.731
    6408.119  2270.306
    6408.140  2302.337
    6408.162  2263.186
    6408.184  2252.068
    6408.206  2217.434
    6408.227  2225.661
    6408.249  2262.64
    6408.271  2263.839
    6408.293  2270.792
    6408.314  2266.84
    6408.336  2250.129
    6408.358  2266.27
    6408.380  2282.529
    6408.402  2261.904
    6408.423  2225.374
    6408.445  2226.675
    6408.467  2259.172
    6408.489  2262.325
    6408.510  2276.327
    6408.532  2224.876
    6408.554  2239.059
    6408.576  2259.234
    6408.598  2211.91
    6408.619  2238.681
    6408.641  2236.768
    6408.663  2120.692
    6408.685  2108.427
    6408.706  2076.492
    6408.728  2023.495
    6408.750  2016.968
    6408.772  1982.366
    6408.794  1955.831
    6408.815  1966.009
    6408.837  2006.013
    6408.859  1991.564
    6408.881  2101.23
    6408.902  2177.052
    6408.924  2141.126
    6408.946  2171.887
    6408.968  2217.494
    6408.990  2268.03
    6409.011  2256.612
    6409.033  2249.756
    6409.055  2297.623
    6409.077  2259.914
    6409.098  2196.939
    6409.120  2227.7
    6409.142  2245.187
    6409.164  2184.511
    6409.186  2229.387
    6409.207  2203.305
    6409.229  2090.386
    6409.251  2103.311
    6409.273  2112.206
    6409.294  2026.916
    6409.316  2057.474
    6409.338  2052.852
    6409.360  1988.372
    6409.381  1980.765
    6409.403  1882.608
    6409.425  1831.675
    6409.447  1742.045
    6409.469  1557.74
    6409.490  1478.209
    6409.512  1478.76
    6409.534  1514.816
    6409.556  1522.747
    6409.577  1546.791
    6409.599  1686.744
    6409.621  1830.726
    6409.643  1914.056
    6409.665  2025.537
    6409.686  2167.867
    6409.708  2149.104
    6409.730  2085.744
    6409.752  2101.497
    6409.773  2151.826
    6409.795  2142.063
    6409.817  2108.15
    6409.839  2085.701
    6409.861  2052.207
    6409.882  2080.229
    6409.904  2055.842
    6409.926  1958.018
    6409.948  1944.903
    6409.969  1927.703
    6409.991  1875.486
    6410.013  1813.647
    6410.035  1787.9
    6410.057  1756.893
    6410.078  1788.77
    6410.100  1961.344
    6410.122  2011.657
    6410.144  2071.456
    6410.165  2097.122
    6410.187  2071.186
    6410.209  2046.636
    6410.231  2074.056
    6410.253  2160.021
    6410.274  2151.811
    6410.296  2115.717
    6410.318  2193.567
    6410.340  2269.783
    6410.361  2186.179
    6410.383  2189.211
    6410.405  2217.875
    6410.427  2196.476
    6410.448  2224.648
    6410.470  2236.625
    6410.492  2189.826
    6410.514  2237.401
    6410.536  2250.839
    6410.557  2174.253
    6410.579  2161.152
    6410.601  2204.309
    6410.623  2262.661
    6410.644  2260.866
    6410.666  2264.824
    6410.688  2249.363
    6410.710  2356.632
    6410.732  2411.944
    6410.753  2312.241
    6410.775  2234.472
    6410.797  2196.756
    6410.819  2248.353
    6410.840  2216.433
    6410.862  2162.322
    6410.884  2200.775
    6410.906  2258.323
    6410.928  2349.809
    6410.949  2336.834
    6410.971  2219.737
    6410.993  2232.988
    6411.015  2286.216
    6411.036  2375.188
    6411.058  2292.159
    6411.080  2242.685
    6411.102  2321.56
    6411.124  2263.859
    6411.145  2238.858
    6411.167  2301.354
    6411.189  2291.377
    6411.211  2230.472
    6411.232  2239.981
    6411.254  2211.435
    6411.276  2237.51
    6411.298  2222.818
    6411.320  2236.375
    6411.341  2268.944
    6411.363  2276.074
    6411.385  2264.028
    6411.407  2269.446
    6411.428  2347.704
    6411.450  2339.33
    6411.472  2326.479
    6411.494  2296.055
    6411.515  2248.111
    6411.537  2242.865
    6411.559  2238.725
    6411.581  2262.794
    6411.603  2292.412
    6411.624  2232.65
    6411.646  2273.068
    6411.668  2273.818
    6411.690  2286.054
    6411.711  2345.669
    6411.733  2296.419
    6411.755  2200.049
    6411.777  2202.082
    6411.799  2300.664
    6411.820  2347.149
    6411.842  2232.797
    6411.864  2224.119
    6411.886  2271.806
    6411.907  2277.94
    6411.929  2265.292
    6411.951  2289.569
    6411.973  2292.844
    6411.995  2268.816
    6412.016  2238.675
    6412.038  2213.868
    6412.060  2219.369
    6412.082  2341.814
    6412.103  2293.894
    6412.125  2172.593
    6412.147  2203.194
    6412.169  2292.861
    6412.191  2233.135
    6412.212  2229.838
    6412.234  2287.038
    6412.256  2261.082
    6412.278  2267.188
    6412.299  2259.593
    6412.321  2164.403
    6412.343  2140.201
    6412.365  2151.666
    6412.387  2186.993
    6412.408  2177.556
    6412.430  2199.149
    6412.452  2237.504
    6412.474  2233.936
    6412.495  2264.393
    6412.517  2227.937
    6412.539  2182.849
    6412.561  2157.082
    6412.582  2077.458
    6412.604  2113.618
    6412.626  2135.24
    6412.648  2196.686
    6412.670  2207.706
    6412.691  2166.962
    6412.713  2209.843
    6412.735  2221.157
    6412.757  2197.656
    6412.778  2192.632
    6412.800  2231.649
    6412.822  2212.875
    6412.844  2212.85
    6412.866  2176.981
    6412.887  2110.064
    6412.909  2117.24
    6412.931  2127.719
    6412.953  2016.615
    6412.974  1971.114
    6412.996  1972.2
    6413.018  1957.572
    6413.040  1889.343
    6413.062  1698.703
    6413.083  1567.559
    6413.105  1442.583
    6413.127  1333.903
    6413.149  1328.213
    6413.170  1289.886
    6413.192  1314.605
    6413.214  1491.405
    6413.236  1624.688
    6413.258  1694.02
    6413.279  1851.151
    6413.301  2002.018
    6413.323  2023.327
    6413.345  2119.657
    6413.366  2133.999
    6413.388  2080.433
    6413.410  2080.882
    6413.432  2167.103
    6413.454  2190.901
    6413.475  2085.896
    6413.497  2045.124
    6413.519  2047.664
    6413.541  2008.01
    6413.562  2057.989
    6413.584  2001.715
    6413.606  1810.93
    6413.628  1751.957
    6413.649  1720.491
    6413.671  1710.808
    6413.693  1719.447
    6413.715  1812.141
    6413.737  1914.351
    6413.758  1968.921
    6413.780  1962.568
    6413.802  2027.065
    6413.824  2066.836
    6413.845  2113.746
    6413.867  2136.981
    6413.889  2217.837
    6413.911  2262.578
    6413.933  2248.469
    6413.954  2201.247
    6413.976  2242.177
    6413.998  2275.511
    6414.020  2240.417
    6414.041  2265.167
    6414.063  2305.318
    6414.085  2259.188
    6414.107  2297.829
    6414.129  2284.373
    6414.150  2196.235
    6414.172  2228.801
    6414.194  2271.796
    6414.216  2257.759
    6414.237  2265.645
    6414.259  2340.832
    6414.281  2309.403
    6414.303  2258.94
    6414.325  2240.131
    6414.346  2284.87
    6414.368  2251.541
    6414.390  2233.777
    6414.412  2270.146
    6414.433  2294.026
    6414.455  2244.215
    6414.477  2158.827
    6414.499  2166.935
    6414.521  2267.276
    6414.542  2363.191
    6414.564  2333.219
    6414.586  2233.06
    6414.608  2222.826
    6414.629  2247.481
    6414.651  2255.282
    6414.673  2262.493
    6414.695  2212.276
    6414.716  2178.373
    6414.738  2226.314
    6414.760  2264.264
    6414.782  2277.834
    6414.804  2271.03
    6414.825  2262.907
    6414.847  2194.921
    6414.869  2217.922
    6414.891  2254.963
    6414.912  2226.244
    6414.934  2257.408
    6414.956  2227.835
    6414.978  2199.143
    6415.000  2208.599
    6415.021  2159.582
    6415.043  2148.055
    6415.065  2146.235
    6415.087  2123.465
    6415.108  2207.183
    6415.130  2301.645
    6415.152  2294.075
    6415.174  2311.917
    6415.196  2341.681
    6415.217  2392.34
    6415.239  2329.071
    6415.261  2273.051
    6415.283  2341.646
    6415.304  2307.772
    6415.326  2270.996
    6415.348  2266.384
    6415.370  2210.246
    6415.392  2206.405
    6415.413  2201.344
    6415.435  2146.595
    6415.457  2123.092
    6415.479  2136.622
    6415.500  2191.408
    6415.522  2190.027
    6415.544  2157.063
    6415.566  2187.288
    6415.588  2181.022
    6415.609  2158.159
    6415.631  2201.837
    6415.653  2228.401
    6415.675  2304.976
    6415.696  2286.753
    6415.718  2233.968
    6415.740  2289.811
    6415.762  2242.027
    6415.783  2124.772
    6415.805  2161.07
    6415.827  2232.507
    6415.849  2257.012
    6415.871  2236.737
    6415.892  2230.186
    6415.914  2155.403
    6415.936  2070.071
    6415.958  2161.793
    6415.979  2137.785
    6416.001  2032.418
    6416.023  2076.977
    6416.045  2100.85
    6416.067  2008.085
    6416.088  1949.788
    6416.110  1986.087
    6416.132  2016.623
    6416.154  2038.795
    6416.175  2083.496
    6416.197  2147.542
    6416.219  2159.935
    6416.241  2157.531
    6416.263  2137.579
    6416.284  2137.063
    6416.306  2099.352
    6416.328  2083.005
    6416.350  2089.977
    6416.371  2011.424
    6416.393  1957.96
    6416.415  1963.976
    6416.437  1869.73
    6416.459  1754.178
    6416.480  1737.85
    6416.502  1757.577
    6416.524  1764.023
    6416.546  1835.431
    6416.567  1886.126
    6416.589  1932.983
    6416.611  1997.518
    6416.633  2080.544
    6416.655  2158.699
    6416.676  2115.121
    6416.698  2062.697
    6416.720  2185.963
    6416.742  2265.014
    6416.763  2208.158
    6416.785  2173.451
    6416.807  2112.815
    6416.829  2059.656
    6416.851  2157.545
    6416.872  2204.104
    6416.894  2064.798
    6416.916  2029.962
    6416.938  2062.113
    6416.959  2033.377
    6416.981  2009.627
    6417.003  1979.613
    6417.025  1929.884
    6417.046  1994.761
    6417.068  2079.967
    6417.090  2170.62
    6417.112  2214.872
    6417.134  2204.518
    6417.155  2240.377
    6417.177  2253.443
    6417.199  2242.634
    6417.221  2201.382
    6417.242  2196.712
    6417.264  2246.186
    6417.286  2285.331
    6417.308  2324.309
    6417.330  2277.328
    6417.351  2275.833
    6417.373  2329.006
    6417.395  2228.858
    6417.417  2214.492
    6417.438  2282.016
    6417.460  2234.368
    6417.482  2205.683
    6417.504  2239.542
    6417.526  2337.897
    6417.547  2286.146
    6417.569  2177.621
    6417.591  2223.767
    6417.613  2221.372
    6417.634  2157.082
    6417.656  2156.638
    6417.678  2183.487
    6417.700  2234.663
    6417.722  2273.307
    6417.743  2201.38
    6417.765  2146.076
    6417.787  2194.298
    6417.809  2213.302
    6417.830  2212.098
    6417.852  2181.75
    6417.874  2233.549
    6417.896  2306.322
    6417.918  2265.728
    6417.939  2222.617
    6417.961  2304.387
    6417.983  2332.75
    6418.005  2248.747
    6418.026  2185.258
    6418.048  2208.907
    6418.070  2216.656
    6418.092  2146.935
    6418.113  2111.987
    6418.135  2134.884
    6418.157  2109.251
    6418.179  2216.221
    6418.201  2282.456
    6418.222  2225.532
    6418.244  2259.947
    6418.266  2235.789
    6418.288  2150.584
    6418.309  2084.095
    6418.331  2088.584
    6418.353  2084.639
    6418.375  1951.182
    6418.397  1829.12
    6418.418  1835.826
    6418.440  1813.391
    6418.462  1861.362
    6418.484  1918.47
    6418.505  1947.903
    6418.527  2086.474
    6418.549  2215.162
    6418.571  2252.642
    6418.593  2200.745
    6418.614  2130.16
    6418.636  2146.162
    6418.658  2252.729
    6418.680  2289.425
    6418.701  2269.758
    6418.723  2204.669
    6418.745  2250.496
    6418.767  2290.379
    6418.789  2223.605
    6418.810  2221.507
    6418.832  2226.478
    6418.854  2197.346
    6418.876  2214.863
    6418.897  2185.69
    6418.919  2067.437
    6418.941  1984.55
    6418.963  2044.368
    6418.985  2133.861
    6419.006  2109.124
    6419.028  2085.97
    6419.050  2180.108
    6419.072  2202.079
    6419.093  2193.607
    6419.115  2193.576
    6419.137  2156.444
    6419.159  2058.43
    6419.180  2028.304
    6419.202  2113.521
    6419.224  2173.478
    6419.246  2095.783
    6419.268  2006.893
    6419.289  2081.193
    6419.311  2153.815
    6419.333  2125.909
    6419.355  2115.371
    6419.376  2111.659
    6419.398  2167.334
    6419.420  2235.16
    6419.442  2215.108
    6419.464  2190.128
    6419.485  2204.372
    6419.507  2263.839
    6419.529  2336.163
    6419.551  2326.936
    6419.572  2262.777
    6419.594  2210.807
    6419.616  2235.791
    6419.638  2255.69
    6419.660  2199.764
    6419.681  2163.065
    6419.703  2153.938
    6419.725  2160.153
    6419.747  2144.548
    6419.768  2110.518
    6419.790  2136.146
    6419.812  2181.908
    6419.834  2242.674
    6419.856  2202.759
    6419.877  2188.85
    6419.899  2194.399
    6419.921  2172.651
    6419.943  2175.6
    6419.964  2153.231
    6419.986  2148.44
    6420.008  2192.011
    6420.030  2213.931
    6420.052  2255.045
    6420.073  2222.67
    6420.095  2200.988
    6420.117  2205.617
    6420.139  2175.143
    6420.160  2178.527
    6420.182  2201.644
    6420.204  2177.795
    6420.226  2161.03
    6420.247  2154.395
    6420.269  2153.778
    6420.291  2153.14
    6420.313  2197.879
    6420.335  2260.068
    6420.356  2211.8
    6420.378  2233.632
    6420.400  2300.283
    6420.422  2153.264
    6420.443  2132.643
    6420.465  2248.666
    6420.487  2214.918
    6420.509  2194.105
    6420.531  2155.847
    6420.552  2099.823
    6420.574  2105.414
    6420.596  2172.565
    6420.618  2210.607
    6420.639  2188.132
    6420.661  2181.583
    6420.683  2220.517
    6420.705  2253.238
    6420.727  2239.842
    6420.748  2241.34
    6420.770  2223.385
    6420.792  2204.701
    6420.814  2246.836
    6420.835  2264.016
    6420.857  2215.812
    6420.879  2149.59
    6420.901  2120.105
    6420.923  2185.854
    6420.944  2266.041
    6420.966  2258.447
    6420.988  2233.31
    6421.010  2259.522
    6421.031  2243.476
    6421.053  2188.608
    6421.075  2135.293
    6421.097  2019.259
    6421.119  1966.936
    6421.140  1951.901
    6421.162  1969.323
    6421.184  2064.119
    6421.206  2107.547
    6421.227  2087.784
    6421.249  2141.934
    6421.271  2162.752
    6421.293  2047.521
    6421.314  2012.404
    6421.336  1991.465
    6421.358  1831.087
    6421.380  1694.646
    6421.402  1628.451
    6421.423  1503.205
    6421.445  1425.362
    6421.467  1460.341
    6421.489  1550.871
    6421.510  1670.466
    6421.532  1795.555
    6421.554  1890.832
    6421.576  1908.134
    6421.598  1987.512
    6421.619  2052.032
    6421.641  1993.779
    6421.663  1998.52
    6421.685  2099.434
    6421.706  2114.348
    6421.728  2088.078
    6421.750  2115.761
