    6382.750  0.9884664
    6382.772  0.9811544
    6382.794  0.9783577
    6382.816  0.9891351
    6382.838  0.9947751
    6382.860  0.9879816
    6382.882  0.979716
    6382.904  0.9779683
    6382.926  0.9762824
    6382.948  0.9794241
    6382.970  0.9883774
    6382.992  0.9898653
    6383.014  0.9792526
    6383.036  0.9790282
    6383.058  0.9815471
    6383.081  0.9752112
    6383.103  0.9755212
    6383.125  0.9840737
    6383.147  0.9875815
    6383.169  0.9853172
    6383.191  0.9806855
    6383.213  0.98183
    6383.235  0.9791018
    6383.257  0.9756381
    6383.279  0.9731941
    6383.301  0.9790916
    6383.323  0.9756288
    6383.345  0.9794946
    6383.367  0.9967447
    6383.389  1.002503
    6383.411  0.9893912
    6383.433  0.9815664
    6383.455  0.994697
    6383.477  1.005265
    6383.499  1.001108
    6383.521  0.9930304
    6383.543  1.000454
    6383.565  0.9974198
    6383.587  0.9936966
    6383.609  1.001421
    6383.631  1.006689
    6383.653  1.001328
    6383.675  1.00323
    6383.697  1.010274
    6383.720  1.004864
    6383.742  0.9957774
    6383.764  1.003871
    6383.786  1.005202
    6383.808  0.9953721
    6383.830  0.9985995
    6383.852  0.9973047
    6383.874  0.9953184
    6383.896  0.995667
    6383.918  1.002752
    6383.940  1.007825
    6383.962  1.004529
    6383.984  1.004999
    6384.006  0.9985553
    6384.028  0.990914
    6384.050  1.001214
    6384.072  1.008121
    6384.094  1.004673
    6384.116  1.007968
    6384.138  1.010034
    6384.160  1.004045
    6384.182  1.012681
    6384.204  1.014766
    6384.226  0.9967485
    6384.248  0.9951736
    6384.270  1.004341
    6384.292  1.00454
    6384.314  1.006263
    6384.336  1.015347
    6384.359  1.016594
    6384.381  1.009954
    6384.403  1.004334
    6384.425  1.008705
    6384.447  1.012094
    6384.469  1.007303
    6384.491  1.00654
    6384.513  1.013498
    6384.535  1.012932
    6384.557  1.009151
    6384.579  1.0043
    6384.601  1.005638
    6384.623  1.009006
    6384.645  1.007143
    6384.667  1.004124
    6384.689  1.004638
    6384.711  1.00633
    6384.733  1.00765
    6384.755  1.011416
    6384.777  1.016357
    6384.799  1.013875
    6384.821  1.005243
    6384.843  1.003851
    6384.865  1.00839
    6384.887  1.008453
    6384.909  1.006147
    6384.931  1.01026
    6384.953  1.01997
    6384.975  1.016628
    6384.998  1.009206
    6385.020  1.003567
    6385.042  1.008041
    6385.064  1.010642
    6385.086  1.005418
    6385.108  1.005346
    6385.130  1.013439
    6385.152  1.012977
    6385.174  1.003787
    6385.196  1.005745
    6385.218  1.005638
    6385.240  1.002158
    6385.262  1.005678
    6385.284  1.008083
    6385.306  1.00322
    6385.328  0.9986274
    6385.350  1.003982
    6385.372  1.008861
    6385.394  1.007022
    6385.416  1.000173
    6385.438  1.001055
    6385.460  1.011846
    6385.482  1.013373
    6385.504  1.009129
    6385.526  1.001772
    6385.548  1.005722
    6385.570  1.012111
    6385.592  1.008433
    6385.615  1.000621
    6385.637  0.9974074
    6385.659  0.9992682
    6385.681  1.001197
    6385.703  1.001909
    6385.725  1.005116
    6385.747  1.016221
    6385.769  1.012742
    6385.791  1.00243
    6385.813  1.007152
    6385.835  1.010507
    6385.857  1.003723
    6385.879  1.002539
    6385.901  1.013224
    6385.923  1.004336
    6385.945  0.9920632
    6385.967  1.0054
    6385.989  1.008869
    6386.011  1.000998
    6386.033  1.001495
    6386.055  1.004454
    6386.077  0.9988795
    6386.099  1.001914
    6386.121  1.009403
    6386.143  1.003928
    6386.165  1.004521
    6386.187  1.009255
    6386.209  1.007443
    6386.231  1.006652
    6386.254  1.004268
    6386.276  0.997159
    6386.298  0.9972392
    6386.320  0.9984813
    6386.342  0.9937964
    6386.364  0.9926534
    6386.386  0.9931223
    6386.408  0.9953126
    6386.430  1.003058
    6386.452  1.00582
    6386.474  1.002824
    6386.496  1.002228
    6386.518  0.9990641
    6386.540  1.003023
    6386.562  1.005432
    6386.584  1.001769
    6386.606  1.009908
    6386.628  1.011597
    6386.650  0.9991023
    6386.672  0.993961
    6386.694  0.9930158
    6386.716  0.9984951
    6386.738  1.003865
    6386.760  1.011328
    6386.782  1.010078
    6386.804  1.004655
    6386.826  0.9977495
    6386.848  0.9990164
    6386.870  1.005443
    6386.893  1.003968
    6386.915  1.001818
    6386.937  0.9990829
    6386.959  0.9973757
    6386.981  0.9991825
    6387.003  0.9991266
    6387.025  1.000332
    6387.047  0.9995381
    6387.069  0.996895
    6387.091  0.9985142
    6387.113  1.000908
    6387.135  0.9956341
    6387.157  0.9940416
    6387.179  0.9948141
    6387.201  1.001348
    6387.223  1.003504
    6387.245  0.9992509
    6387.267  1.001936
    6387.289  1.003465
    6387.311  1.005706
    6387.333  1.010409
    6387.355  1.010655
    6387.377  1.008123
    6387.399  1.004288
    6387.421  1.001238
    6387.443  1.004948
    6387.465  1.004748
    6387.487  1.006211
    6387.509  1.006324
    6387.532  1.00056
    6387.554  0.9983569
    6387.576  1.002424
    6387.598  1.008073
    6387.620  1.011415
    6387.642  1.012799
    6387.664  1.006791
    6387.686  0.9985375
    6387.708  0.997649
    6387.730  0.9985769
    6387.752  1.004403
    6387.774  1.002571
    6387.796  0.9979646
    6387.818  1.003525
    6387.840  1.00895
    6387.862  1.006015
    6387.884  1.00517
    6387.906  1.015296
    6387.928  1.015422
    6387.950  1.013749
    6387.972  1.002687
    6387.994  1.002946
    6388.016  1.010272
    6388.038  1.009735
    6388.060  1.009691
    6388.082  1.006433
    6388.104  1.006193
    6388.126  1.006621
    6388.148  1.010971
    6388.171  1.006828
    6388.193  1.00448
    6388.215  1.011025
    6388.237  1.011064
    6388.259  1.01102
    6388.281  1.010569
    6388.303  1.014238
    6388.325  1.00923
    6388.347  1.006347
    6388.369  1.014289
    6388.391  1.022305
    6388.413  1.010884
    6388.435  1.014302
    6388.457  1.024111
    6388.479  1.014625
    6388.501  1.003636
    6388.523  1.006717
    6388.545  1.008129
    6388.567  1.008312
    6388.589  1.015693
    6388.611  1.01584
    6388.633  1.013952
    6388.655  1.017949
    6388.677  1.008567
    6388.699  1.007191
    6388.721  1.022028
    6388.743  1.015516
    6388.765  0.9984926
    6388.787  1.002279
    6388.810  1.012005
    6388.832  1.011203
    6388.854  1.007807
    6388.876  1.007767
    6388.898  1.009557
    6388.920  1.009275
    6388.942  1.010445
    6388.964  1.012217
    6388.986  1.010766
    6389.008  1.009938
    6389.030  1.010041
    6389.052  1.007729
    6389.074  1.012032
    6389.096  1.014619
    6389.118  1.007626
    6389.140  1.006178
    6389.162  1.004176
    6389.184  1.005703
    6389.206  1.01214
    6389.228  1.007516
    6389.250  1.010757
    6389.272  1.006698
    6389.294  0.9956692
    6389.316  1.003038
    6389.338  1.006153
    6389.360  1.005329
    6389.382  1.007098
    6389.404  1.004559
    6389.426  1.003101
    6389.449  1.001083
    6389.471  0.9970991
    6389.493  0.999032
    6389.515  1.004741
    6389.537  1.004337
    6389.559  0.9983773
    6389.581  0.992754
    6389.603  0.9922038
    6389.625  0.9988866
    6389.647  0.9976961
    6389.669  0.9902524
    6389.691  0.9895309
    6389.713  0.9961522
    6389.735  0.998181
    6389.757  0.9917532
    6389.779  0.9918368
    6389.801  0.9951105
    6389.823  0.9886473
    6389.845  0.991986
    6389.867  0.9986547
    6389.889  0.9951063
    6389.911  0.9955161
    6389.933  0.9911787
    6389.955  0.9904101
    6389.977  1.002149
    6389.999  0.9990875
    6390.021  1.000535
    6390.043  1.000061
    6390.066  0.9914682
    6390.088  0.9943303
    6390.110  1.001138
    6390.132  1.004214
    6390.154  0.999239
    6390.176  0.9888929
    6390.198  0.9850571
    6390.220  0.9889175
    6390.242  0.9983945
    6390.264  0.9930454
    6390.286  0.9863235
    6390.308  0.9875728
    6390.330  0.9834147
    6390.352  0.9768218
    6390.374  0.9768469
    6390.396  0.9750075
    6390.418  0.9696063
    6390.440  0.9635159
    6390.462  0.9626256
    6390.484  0.9737755
    6390.506  0.9760895
    6390.528  0.9666728
    6390.550  0.9622623
    6390.572  0.9662563
    6390.594  0.9638306
    6390.616  0.957326
    6390.638  0.9521551
    6390.660  0.9546719
    6390.682  0.9639484
    6390.705  0.9630028
    6390.727  0.9504727
    6390.749  0.9505057
    6390.771  0.9535857
    6390.793  0.9584717
    6390.815  0.9618003
    6390.837  0.9521658
    6390.859  0.9490258
    6390.881  0.9516473
    6390.903  0.9597662
    6390.925  0.9647418
    6390.947  0.9588647
    6390.969  0.9525351
    6390.991  0.9459282
    6391.013  0.9447628
    6391.035  0.9477489
    6391.057  0.9465955
    6391.079  0.9540987
    6391.101  0.9520907
    6391.123  0.9456978
    6391.145  0.9497943
    6391.167  0.9536272
    6391.189  0.9596502
    6391.211  0.9629747
    6391.233  0.9453834
    6391.255  0.947568
    6391.277  0.9545137
    6391.299  0.9541934
    6391.321  0.9504011
    6391.344  0.9439324
    6391.366  0.9384551
    6391.388  0.9412777
    6391.410  0.9509938
    6391.432  0.9504915
    6391.454  0.9443789
    6391.476  0.9416779
    6391.498  0.9517121
    6391.520  0.9482326
    6391.542  0.9433847
    6391.564  0.9466066
    6391.586  0.9458266
    6391.608  0.9451182
    6391.630  0.9505737
    6391.652  0.9562232
    6391.674  0.9560074
    6391.696  0.9540529
    6391.718  0.9537247
    6391.740  0.9439092
    6391.762  0.9382034
    6391.784  0.9450099
    6391.806  0.9481359
    6391.828  0.9427904
    6391.850  0.9393871
    6391.872  0.9385388
    6391.894  0.9506103
    6391.916  0.9545754
    6391.938  0.9543144
    6391.960  0.9505597
    6391.983  0.9459961
    6392.005  0.9448768
    6392.027  0.9399325
    6392.049  0.9479825
    6392.071  0.9493807
    6392.093  0.9492983
    6392.115  0.9566299
    6392.137  0.9614949
    6392.159  0.9573941
    6392.181  0.9434153
    6392.203  0.9414595
    6392.225  0.9530619
    6392.247  0.9622806
    6392.269  0.9618104
    6392.291  0.9546055
    6392.313  0.9514044
    6392.335  0.9517828
    6392.357  0.9511671
    6392.379  0.9553285
    6392.401  0.9623883
    6392.423  0.9637023
    6392.445  0.9575308
    6392.467  0.956102
    6392.489  0.9545406
    6392.511  0.9555081
    6392.533  0.9596198
    6392.555  0.958807
    6392.577  0.9554195
    6392.599  0.9536502
    6392.622  0.9606277
    6392.644  0.9710588
    6392.666  0.961536
    6392.688  0.9547641
    6392.710  0.963459
    6392.732  0.9625354
    6392.754  0.9592783
    6392.776  0.9687139
    6392.798  0.9735373
    6392.820  0.9676675
    6392.842  0.9661523
    6392.864  0.9678679
    6392.886  0.9656374
    6392.908  0.9570863
    6392.930  0.9657564
    6392.952  0.9739514
    6392.974  0.9731677
    6392.996  0.9754362
    6393.018  0.9751352
    6393.040  0.9706317
    6393.062  0.9715275
    6393.084  0.9796319
    6393.106  0.9867275
    6393.128  0.9825156
    6393.150  0.9765558
    6393.172  0.9781694
    6393.194  0.9887375
    6393.216  0.9911574
    6393.238  0.989573
    6393.261  0.9953789
    6393.283  0.9942645
    6393.305  0.9956143
    6393.327  0.9950932
    6393.349  0.9915239
    6393.371  0.9918928
    6393.393  0.9990424
    6393.415  1.000651
    6393.437  0.9945926
    6393.459  0.9940309
    6393.481  1.000689
    6393.503  1.000891
    6393.525  0.9968916
    6393.547  0.9906763
    6393.569  0.9924562
    6393.591  0.9956499
    6393.613  1.003115
    6393.635  1.013216
    6393.657  1.00726
    6393.679  0.9989187
    6393.701  1.003445
    6393.723  0.9992501
    6393.745  0.9972373
    6393.767  1.005495
    6393.789  1.007928
    6393.811  1.002587
    6393.833  1.005291
    6393.855  1.010463
    6393.877  0.9994693
    6393.900  0.9937795
    6393.922  1.000899
    6393.944  1.00254
    6393.966  1.005596
    6393.988  1.004842
    6394.010  1.003507
    6394.032  1.008236
    6394.054  1.007227
    6394.076  1.007382
    6394.098  1.008891
    6394.120  1.011091
    6394.142  1.013917
    6394.164  1.01501
    6394.186  1.011116
    6394.208  1.004205
    6394.230  0.9981873
    6394.252  0.9993919
    6394.274  1.013842
    6394.296  1.016985
    6394.318  1.004592
    6394.340  1.003764
    6394.362  1.005169
    6394.384  1.004851
    6394.406  1.003772
    6394.428  1.011538
    6394.450  1.012838
    6394.472  1.005962
    6394.494  0.9983026
    6394.516  0.9961933
    6394.539  1.001847
    6394.561  1.010851
    6394.583  1.013069
    6394.605  1.006733
    6394.627  1.001332
    6394.649  1.00099
    6394.671  1.00814
    6394.693  0.9985814
    6394.715  0.9954025
    6394.737  1.000167
    6394.759  0.9972408
    6394.781  0.9965153
    6394.803  0.9932821
    6394.825  0.9893028
    6394.847  0.9916724
    6394.869  0.9883861
    6394.891  0.9831481
    6394.913  0.9860411
    6394.935  0.9885088
    6394.957  0.9860297
    6394.979  0.9842758
    6395.001  0.9773679
    6395.023  0.9804248
    6395.045  0.9863892
    6395.067  0.9909747
    6395.089  0.9765316
    6395.111  0.9735029
    6395.133  0.9833371
    6395.156  0.9853135
    6395.178  0.9812193
    6395.200  0.9737046
    6395.222  0.9606653
    6395.244  0.9650467
    6395.266  0.9692267
    6395.288  0.9702998
    6395.310  0.9723624
    6395.332  0.9689771
    6395.354  0.9743654
    6395.376  0.9717004
    6395.398  0.9662939
    6395.420  0.976384
    6395.442  0.9782221
    6395.464  0.9754121
    6395.486  0.972639
    6395.508  0.9721362
    6395.530  0.9761127
    6395.552  0.9829559
    6395.574  0.9737998
    6395.596  0.9652261
    6395.618  0.9675348
    6395.640  0.9708591
    6395.662  0.9741482
    6395.684  0.975316
    6395.706  0.9754385
    6395.728  0.982469
    6395.750  0.9806032
    6395.772  0.9779356
    6395.795  0.9762775
    6395.817  0.9794
    6395.839  0.9754569
    6395.861  0.9728821
    6395.883  0.976369
    6395.905  0.9782223
    6395.927  0.9841369
    6395.949  0.9855418
    6395.971  0.9784276
    6395.993  0.9809227
    6396.015  0.9809256
    6396.037  0.9791883
    6396.059  0.9805871
    6396.081  0.9869393
    6396.103  0.9904209
    6396.125  0.9892277
    6396.147  0.9930562
    6396.169  0.997472
    6396.191  0.9935522
    6396.213  0.9924885
    6396.235  0.9917538
    6396.257  0.9933916
    6396.279  1.002779
    6396.301  1.006722
    6396.323  1.001401
    6396.345  1.002586
    6396.367  1.004893
    6396.389  1.002548
    6396.411  1.002503
    6396.434  1.004396
    6396.456  1.006488
    6396.478  1.008853
    6396.500  1.002243
    6396.522  0.9997226
    6396.544  1.009
    6396.566  1.011052
    6396.588  1.009331
    6396.610  1.004374
    6396.632  0.996175
    6396.654  0.9982056
    6396.676  0.9980885
    6396.698  0.9971506
    6396.720  1.001042
    6396.742  0.9958648
    6396.764  0.9883748
    6396.786  0.9841012
    6396.808  0.9767268
    6396.830  0.9793611
    6396.852  0.981959
    6396.874  0.9783538
    6396.896  0.9757041
    6396.918  0.9716946
    6396.940  0.977688
    6396.962  0.9772339
    6396.984  0.9720111
    6397.006  0.9693949
    6397.028  0.9676816
    6397.050  0.9661052
    6397.073  0.9626588
    6397.095  0.9644769
    6397.117  0.9687152
    6397.139  0.9603042
    6397.161  0.9486738
    6397.183  0.9570743
    6397.205  0.9502558
    6397.227  0.9466639
    6397.249  0.9475596
    6397.271  0.9451454
    6397.293  0.9384057
    6397.315  0.9404722
    6397.337  0.9395195
    6397.359  0.9406733
    6397.381  0.9433931
    6397.403  0.9391893
    6397.425  0.9386444
    6397.447  0.94013
    6397.469  0.938894
    6397.491  0.9324094
    6397.513  0.9340253
    6397.535  0.9383366
    6397.557  0.9372528
    6397.579  0.9262776
    6397.601  0.9224374
    6397.623  0.9288236
    6397.645  0.9361082
    6397.667  0.9340028
    6397.689  0.9358476
    6397.712  0.9428211
    6397.734  0.9443558
    6397.756  0.937848
    6397.778  0.9332269
    6397.800  0.9385207
    6397.822  0.9346926
    6397.844  0.9281664
    6397.866  0.9304231
    6397.888  0.9278603
    6397.910  0.9274012
    6397.932  0.9280082
    6397.954  0.9307185
    6397.976  0.9305384
    6397.998  0.9249596
    6398.020  0.9319838
    6398.042  0.9355444
    6398.064  0.9261794
    6398.086  0.9264594
    6398.108  0.9257174
    6398.130  0.9263005
    6398.152  0.9363077
    6398.174  0.9422488
    6398.196  0.9429706
    6398.218  0.9391079
    6398.240  0.92722
    6398.262  0.9217097
    6398.284  0.9259458
    6398.306  0.9315603
    6398.328  0.9335996
    6398.351  0.9253421
    6398.373  0.9233731
    6398.395  0.9259191
    6398.417  0.9239419
    6398.439  0.9259112
    6398.461  0.9257127
    6398.483  0.9282335
    6398.505  0.933488
    6398.527  0.9347062
    6398.549  0.9372402
    6398.571  0.9364799
    6398.593  0.9281089
    6398.615  0.9256388
    6398.637  0.9297044
    6398.659  0.9354251
    6398.681  0.9386818
    6398.703  0.936713
    6398.725  0.9420544
    6398.747  0.9401072
    6398.769  0.939346
    6398.791  0.9465719
    6398.813  0.9449911
    6398.835  0.9513012
    6398.857  0.9445921
    6398.879  0.9388391
    6398.901  0.947681
    6398.923  0.9494975
    6398.945  0.9515461
    6398.967  0.9468687
    6398.990  0.9429842
    6399.012  0.9412592
    6399.034  0.9417445
    6399.056  0.9472606
    6399.078  0.9535884
    6399.100  0.9607406
    6399.122  0.9570879
    6399.144  0.9516385
    6399.166  0.9526664
    6399.188  0.9478761
    6399.210  0.9554822
    6399.232  0.959123
    6399.254  0.9571855
    6399.276  0.9586384
    6399.298  0.9633466
    6399.320  0.9587804
    6399.342  0.9588847
    6399.364  0.9659355
    6399.386  0.9664627
    6399.408  0.9704992
    6399.430  0.9745862
    6399.452  0.9749432
    6399.474  0.9642752
    6399.496  0.961484
    6399.518  0.9677611
    6399.540  0.974636
    6399.562  0.9796222
    6399.584  0.9804757
    6399.607  0.9869208
    6399.629  0.9877949
    6399.651  0.9820859
    6399.673  0.9821239
    6399.695  0.9915959
    6399.717  1.002701
    6399.739  1.006529
    6399.761  1.002678
    6399.783  0.9993261
    6399.805  1.001501
    6399.827  1.00499
    6399.849  1.012462
    6399.871  1.006088
    6399.893  1.005057
    6399.915  1.006369
    6399.937  1.014547
    6399.959  1.020312
    6399.981  1.01233
    6400.003  1.015734
    6400.025  1.017918
    6400.047  1.018305
    6400.069  1.012282
    6400.091  1.009287
    6400.113  1.016027
    6400.135  1.012099
    6400.157  1.01056
    6400.179  1.01415
    6400.201  1.011802
    6400.223  1.010673
    6400.246  1.018955
    6400.268  1.024172
    6400.290  1.024388
    6400.312  1.014563
    6400.334  1.009009
    6400.356  1.01533
    6400.378  1.016995
    6400.400  1.024405
    6400.422  1.024755
    6400.444  1.022136
    6400.466  1.016686
    6400.488  1.011889
    6400.510  1.010659
    6400.532  1.021577
    6400.554  1.025826
    6400.576  1.021973
    6400.598  1.012816
    6400.620  1.009897
    6400.642  1.023292
    6400.664  1.020071
    6400.686  1.016623
    6400.708  1.026312
    6400.730  1.025474
    6400.752  1.021184
    6400.774  1.02363
    6400.796  1.025318
    6400.818  1.020856
    6400.840  1.022984
    6400.862  1.027189
    6400.885  1.027597
    6400.907  1.02805
    6400.929  1.025912
    6400.951  1.019528
    6400.973  1.018089
    6400.995  1.025659
    6401.017  1.027955
    6401.039  1.019947
    6401.061  1.018478
    6401.083  1.020935
    6401.105  1.01212
    6401.127  0.9996739
    6401.149  1.003865
    6401.171  1.014668
    6401.193  1.009851
    6401.215  0.9965714
    6401.237  0.9926412
    6401.259  0.994173
    6401.281  0.9959859
    6401.303  0.9980989
    6401.325  0.993183
    6401.347  0.9866025
    6401.369  0.9858909
    6401.391  0.9895317
    6401.413  0.9828227
    6401.435  0.9859232
    6401.457  0.9834068
    6401.479  0.979348
    6401.501  0.9764901
    6401.524  0.97281
    6401.546  0.9763746
    6401.568  0.9744785
    6401.590  0.9738513
    6401.612  0.9774386
    6401.634  0.972365
    6401.656  0.9655014
    6401.678  0.9646538
    6401.700  0.9733456
    6401.722  0.9737505
    6401.744  0.9701065
    6401.766  0.9692379
    6401.788  0.973446
    6401.810  0.9686208
    6401.832  0.9607452
    6401.854  0.9591424
    6401.876  0.958
    6401.898  0.9573787
    6401.920  0.9572759
    6401.942  0.964628
    6401.964  0.9719638
    6401.986  0.9726709
    6402.008  0.971125
    6402.030  0.9685701
    6402.052  0.96197
    6402.074  0.9633231
    6402.096  0.9607347
    6402.118  0.9597122
    6402.140  0.9652759
    6402.163  0.9634636
    6402.185  0.9662161
    6402.207  0.9681565
    6402.229  0.9655748
    6402.251  0.9697791
    6402.273  0.9666955
    6402.295  0.9597862
    6402.317  0.9678186
    6402.339  0.9700081
    6402.361  0.9607557
    6402.383  0.9627559
    6402.405  0.9747774
    6402.427  0.9759434
    6402.449  0.9689648
    6402.471  0.9700279
    6402.493  0.9749446
    6402.515  0.9775664
    6402.537  0.9815729
    6402.559  0.9785691
    6402.581  0.9802834
    6402.603  0.9854614
    6402.625  0.9811621
    6402.647  0.9950763
    6402.669  1.000175
    6402.691  0.9930526
    6402.713  0.9892992
    6402.735  0.9927759
    6402.757  0.9980824
    6402.779  1.000018
    6402.802  1.001665
    6402.824  1.007124
    6402.846  1.003654
    6402.868  1.000355
    6402.890  1.014603
    6402.912  1.016039
    6402.934  1.008988
    6402.956  1.013752
    6402.978  1.010875
    6403.000  1.011401
    6403.022  1.00963
    6403.044  1.018352
    6403.066  1.025433
    6403.088  1.015917
    6403.110  1.020274
    6403.132  1.018696
    6403.154  1.015918
    6403.176  1.011505
    6403.198  1.017097
    6403.220  1.019695
    6403.242  1.020287
    6403.264  1.015966
    6403.286  1.014872
    6403.308  1.017333
    6403.330  1.019313
    6403.352  1.017377
    6403.374  1.015503
    6403.396  1.02193
    6403.418  1.025738
    6403.441  1.024984
    6403.463  1.022604
    6403.485  1.027823
    6403.507  1.028849
    6403.529  1.020708
    6403.551  1.023345
    6403.573  1.022583
    6403.595  1.02164
    6403.617  1.022718
    6403.639  1.018347
    6403.661  1.008981
    6403.683  1.014339
    6403.705  1.022202
    6403.727  1.022702
    6403.749  1.022514
    6403.771  1.017475
    6403.793  1.01476
    6403.815  1.013764
    6403.837  1.013631
    6403.859  1.009435
    6403.881  1.012402
    6403.903  1.014832
    6403.925  1.013695
    6403.947  1.011821
    6403.969  1.013677
    6403.991  1.019776
    6404.013  1.023953
    6404.035  1.027549
    6404.057  1.018102
    6404.080  1.008939
    6404.102  1.000637
    6404.124  1.013445
    6404.146  1.017495
    6404.168  1.012341
    6404.190  1.012023
    6404.212  1.012814
    6404.234  1.015038
    6404.256  1.017721
    6404.278  1.014119
    6404.300  1.008694
    6404.322  1.008393
    6404.344  1.004656
    6404.366  1.006333
    6404.388  1.006035
    6404.410  1.004638
    6404.432  1.008551
    6404.454  1.012239
    6404.476  1.010986
    6404.498  1.007668
    6404.520  1.000236
    6404.542  1.002469
    6404.564  1.010704
    6404.586  1.011069
    6404.608  1.008366
    6404.630  0.9997311
    6404.652  0.9973662
    6404.674  0.9952695
    6404.697  0.9982593
    6404.719  1.00148
    6404.741  0.9976367
    6404.763  0.9994388
    6404.785  0.9988039
    6404.807  0.9966888
    6404.829  0.991937
    6404.851  0.9905353
    6404.873  0.9874786
    6404.895  0.9871774
    6404.917  0.9931092
    6404.939  0.9884462
    6404.961  0.9909437
    6404.983  0.9815532
    6405.005  0.9784367
    6405.027  0.9805135
    6405.049  0.9842049
    6405.071  0.9874825
    6405.093  0.9878107
    6405.115  0.9913565
    6405.137  0.9879174
    6405.159  0.9715478
    6405.181  0.9701705
    6405.203  0.9754726
    6405.225  0.9842466
    6405.247  0.9852799
    6405.269  0.9791394
    6405.291  0.9688377
    6405.313  0.9723969
    6405.336  0.9760305
    6405.358  0.9799063
    6405.380  0.982603
    6405.402  0.9729319
    6405.424  0.9663112
    6405.446  0.9687721
    6405.468  0.9782345
    6405.490  0.9781123
    6405.512  0.9698268
    6405.534  0.9745563
    6405.556  0.9726126
    6405.578  0.9763886
    6405.600  0.9791255
    6405.622  0.9715039
    6405.644  0.9740619
    6405.666  0.9765521
    6405.688  0.9733269
    6405.710  0.9678792
    6405.732  0.9690874
    6405.754  0.9741518
    6405.776  0.9774007
    6405.798  0.9768181
    6405.820  0.9745913
    6405.842  0.9775229
    6405.864  0.9788252
    6405.886  0.979797
    6405.908  0.9740385
    6405.930  0.9731979
    6405.952  0.973212
    6405.975  0.9727808
    6405.997  0.9728456
    6406.019  0.9696137
    6406.041  0.9712545
    6406.063  0.9783491
    6406.085  0.9804
    6406.107  0.9741519
    6406.129  0.9742689
    6406.151  0.9799931
    6406.173  0.9812434
    6406.195  0.9788135
    6406.217  0.9699464
    6406.239  0.9708427
    6406.261  0.9826577
    6406.283  0.97278
    6406.305  0.9748313
    6406.327  0.9788185
    6406.349  0.9799658
    6406.371  0.9741644
    6406.393  0.9819807
    6406.415  0.9809396
    6406.437  0.973487
    6406.459  0.9745826
    6406.481  0.9774523
    6406.503  0.9765758
    6406.525  0.9749147
    6406.547  0.9833133
    6406.569  0.980195
    6406.591  0.9769695
    6406.614  0.9771863
    6406.636  0.9824694
    6406.658  0.9812483
    6406.680  0.9735155
    6406.702  0.9699757
    6406.724  0.9739923
    6406.746  0.9776061
    6406.768  0.9829515
    6406.790  0.9833306
    6406.812  0.9817718
    6406.834  0.9851729
    6406.856  0.9837244
    6406.878  0.983012
    6406.900  0.9850234
    6406.922  0.9825917
    6406.944  0.9920673
    6406.966  0.9852673
    6406.988  0.9865707
    6407.010  0.9917061
    6407.032  0.9907547
    6407.054  0.9881988
    6407.076  0.9953091
    6407.098  0.9877312
    6407.120  0.9847587
    6407.142  0.9952505
    6407.164  0.999873
    6407.186  0.9936745
    6407.208  0.9874256
    6407.230  0.9950647
    6407.253  0.9987148
    6407.275  0.9892342
    6407.297  0.9827915
    6407.319  0.991737
    6407.341  0.9916133
    6407.363  0.9938692
    6407.385  0.9975775
    6407.407  1.006637
    6407.429  1.002977
    6407.451  0.9973974
    6407.473  1.001154
    6407.495  1.002453
    6407.517  1.004689
    6407.539  1.003672
    6407.561  1.004832
    6407.583  0.9996942
    6407.605  0.9993407
    6407.627  1.007351
    6407.649  1.010499
    6407.671  1.014444
    6407.693  1.010657
    6407.715  1.010568
    6407.737  1.014498
    6407.759  1.015505
    6407.781  1.020452
    6407.803  1.024996
    6407.825  1.021565
    6407.847  1.025304
    6407.869  1.02869
    6407.892  1.025819
    6407.914  1.027887
    6407.936  1.016877
    6407.958  1.01143
    6407.980  1.014108
    6408.002  1.019093
    6408.024  1.022022
    6408.046  1.015921
    6408.068  1.017233
    6408.090  1.022947
    6408.112  1.03255
    6408.134  1.059915
    6408.156  1.049511
    6408.178  1.023646
    6408.200  1.013276
    6408.222  1.01845
    6408.244  1.025484
    6408.266  1.019843
    6408.288  1.025841
    6408.310  1.014543
    6408.332  1.001245
    6408.354  1.002315
    6408.376  1.00845
    6408.398  1.004201
    6408.420  1.008391
    6408.442  1.006641
    6408.464  1.000439
    6408.486  1.002586
    6408.508  0.998552
    6408.531  0.9925994
    6408.553  0.9978186
    6408.575  0.9929912
    6408.597  0.9858407
    6408.619  0.989783
    6408.641  0.9913037
    6408.663  0.9921583
    6408.685  0.9868021
    6408.707  0.9822337
    6408.729  0.9842719
    6408.751  0.9803334
    6408.773  0.9735823
    6408.795  0.9800296
    6408.817  0.9754185
    6408.839  0.9755023
    6408.861  0.9764456
    6408.883  0.9771292
    6408.905  0.9762752
    6408.927  0.9678962
    6408.949  0.9646447
    6408.971  0.9747684
    6408.993  0.9743499
    6409.015  0.9791015
    6409.037  0.9745993
    6409.059  0.9731644
    6409.081  0.9793228
    6409.103  0.9716911
    6409.125  0.9601294
    6409.148  0.9565365
    6409.170  0.9639773
    6409.192  0.9661554
    6409.214  0.9576634
    6409.236  0.9574158
    6409.258  0.9612405
    6409.280  0.9658236
    6409.302  0.953525
    6409.324  0.9390897
    6409.346  0.936932
    6409.368  0.9431252
    6409.390  0.9441975
    6409.412  0.9371026
    6409.434  0.9394519
    6409.456  0.9458823
    6409.478  0.9398579
    6409.500  0.9379487
    6409.522  0.9409982
    6409.544  0.9403845
    6409.566  0.9395474
    6409.588  0.9406916
    6409.610  0.9381111
    6409.632  0.9391882
    6409.654  0.9450373
    6409.676  0.9516659
    6409.698  0.9523878
    6409.720  0.94242
    6409.742  0.9373
    6409.764  0.9417472
    6409.787  0.941012
    6409.809  0.9379233
    6409.831  0.9297549
    6409.853  0.9299561
    6409.875  0.9448299
    6409.897  0.9443628
    6409.919  0.944967
    6409.941  0.9446422
    6409.963  0.9370674
    6409.985  0.9370515
    6410.007  0.9377354
    6410.029  0.9445925
    6410.051  0.9531476
    6410.073  0.9509436
    6410.095  0.9451084
    6410.117  0.9490802
    6410.139  0.9470208
    6410.161  0.946325
    6410.183  0.9447314
    6410.205  0.9479876
    6410.227  0.95794
    6410.249  0.9520016
    6410.271  0.9421971
    6410.293  0.9455294
    6410.315  0.9506097
    6410.337  0.95195
    6410.359  0.947666
    6410.381  0.941357
    6410.403  0.9493436
    6410.426  0.9625461
    6410.448  0.9627197
    6410.470  0.9536668
    6410.492  0.9577534
    6410.514  0.9656342
    6410.536  0.9655762
    6410.558  0.9654788
    6410.580  0.9743983
    6410.602  0.9776641
    6410.624  0.974597
    6410.646  0.9736494
    6410.668  0.9829909
    6410.690  0.9837068
    6410.712  0.9770433
    6410.734  0.9849544
    6410.756  0.9898309
    6410.778  0.9927632
    6410.800  0.9872718
    6410.822  0.9779878
    6410.844  0.9785865
    6410.866  0.982874
    6410.888  0.9868184
    6410.910  0.991095
    6410.932  0.9887727
    6410.954  0.9941448
    6410.976  1.007151
    6410.998  1.005664
    6411.020  1.007952
    6411.042  1.0054
    6411.065  0.9998525
    6411.087  1.001937
    6411.109  1.012421
    6411.131  1.006783
    6411.153  0.9975181
    6411.175  1.003554
    6411.197  1.011899
    6411.219  1.022744
    6411.241  1.020828
    6411.263  1.0153
    6411.285  1.015386
    6411.307  1.01983
    6411.329  1.017669
    6411.351  1.023756
    6411.373  1.022864
    6411.395  1.020472
    6411.417  1.025502
    6411.439  1.024476
    6411.461  1.021011
    6411.483  1.024363
    6411.505  1.033849
    6411.527  1.037519
    6411.549  1.026597
    6411.571  1.020538
    6411.593  1.024471
    6411.615  1.025866
    6411.637  1.028114
    6411.659  1.028294
    6411.681  1.020219
    6411.704  1.027548
    6411.726  1.012432
    6411.748  1.015729
    6411.770  1.025897
    6411.792  1.017331
    6411.814  1.011201
    6411.836  1.023186
    6411.858  1.022451
    6411.880  1.018389
    6411.902  1.015426
    6411.924  1.009477
    6411.946  1.011831
    6411.968  1.021082
    6411.990  1.018756
    6412.012  1.017585
    6412.034  1.017516
    6412.056  1.020669
    6412.078  1.015921
    6412.100  1.004093
    6412.122  1.009307
    6412.144  1.013208
    6412.166  1.00623
    6412.188  1.002233
    6412.210  1.014131
    6412.232  1.016254
    6412.254  1.00946
    6412.276  1.011497
    6412.298  1.014714
    6412.320  1.008606
    6412.343  1.006225
    6412.365  1.005032
    6412.387  1.003398
    6412.409  1.006337
    6412.431  1.012364
    6412.453  1.007351
    6412.475  1.013854
    6412.497  1.010614
    6412.519  1.005973
    6412.541  1.003273
    6412.563  1.006076
    6412.585  1.008501
    6412.607  1.009104
    6412.629  1.004789
    6412.651  1.001287
    6412.673  0.999853
    6412.695  1.004221
    6412.717  1.003222
    6412.739  1.004156
    6412.761  1.00296
    6412.783  1.003603
    6412.805  1.004627
    6412.827  1.001875
    6412.849  0.9917824
    6412.871  0.9900515
    6412.893  0.9877812
    6412.915  0.9850428
    6412.937  0.9889008
    6412.959  0.9915467
    6412.982  0.9805616
    6413.004  0.9803211
    6413.026  0.9788696
    6413.048  0.9790018
    6413.070  0.9892959
    6413.092  0.9890665
    6413.114  0.983815
    6413.136  0.9727551
    6413.158  0.9833001
    6413.180  0.9803833
    6413.202  0.9738538
    6413.224  0.9805399
    6413.246  0.9836571
    6413.268  0.9705713
    6413.290  0.9675665
    6413.312  0.9720297
    6413.334  0.9717066
    6413.356  0.9744962
    6413.378  0.9789051
    6413.400  0.9765313
    6413.422  0.9706326
    6413.444  0.9718956
    6413.466  0.9727158
    6413.488  0.973575
    6413.510  0.9754028
    6413.532  0.9810452
    6413.554  0.974565
    6413.576  0.9748441
    6413.599  0.9797029
    6413.621  0.9842811
    6413.643  0.969673
    6413.665  0.9703066
    6413.687  0.9799266
    6413.709  0.9840519
    6413.731  0.9849711
    6413.753  0.9826962
    6413.775  0.9816058
    6413.797  0.9744171
    6413.819  0.9776475
    6413.841  0.9872288
    6413.863  0.9785211
    6413.885  0.9805933
    6413.907  0.978441
    6413.929  0.976579
    6413.951  0.9744754
    6413.973  0.969587
    6413.995  0.9685083
    6414.017  0.9730456
    6414.039  0.9751612
    6414.061  0.9841805
    6414.083  0.9857922
    6414.105  0.986705
    6414.127  0.9777924
    6414.149  0.9771846
    6414.171  0.9827787
    6414.193  0.9897338
    6414.215  0.9911098
    6414.238  0.9934409
    6414.260  1.000454
    6414.282  1.000713
    6414.304  1.004869
    6414.326  1.01203
    6414.348  1.005438
    6414.370  1.006513
    6414.392  1.011396
    6414.414  1.013584
    6414.436  1.014212
    6414.458  1.010026
    6414.480  1.006563
    6414.502  1.005934
    6414.524  1.007876
    6414.546  1.008758
    6414.568  1.02402
    6414.590  1.027546
    6414.612  1.018338
    6414.634  1.015682
    6414.656  1.017801
    6414.678  1.013174
    6414.700  1.022977
    6414.722  1.02999
    6414.744  1.028423
    6414.766  1.020723
    6414.788  1.020854
    6414.810  1.026525
    6414.832  1.020598
    6414.854  1.013814
    6414.877  1.01326
    6414.899  1.014661
    6414.921  1.015658
    6414.943  1.02157
    6414.965  1.027607
    6414.987  1.02463
    6415.009  1.016264
    6415.031  1.025834
    6415.053  1.023213
    6415.075  1.015877
    6415.097  1.011216
    6415.119  1.015043
    6415.141  1.017512
    6415.163  1.024479
    6415.185  1.021085
    6415.207  1.00847
    6415.229  1.022459
    6415.251  1.024309
    6415.273  1.017358
    6415.295  1.021428
    6415.317  1.020016
    6415.339  1.012105
    6415.361  1.009766
    6415.383  1.014551
    6415.405  1.022839
    6415.427  1.026229
    6415.449  1.027504
    6415.471  1.026876
    6415.493  1.010969
    6415.516  1.019955
    6415.538  1.021078
    6415.560  1.014034
    6415.582  1.015106
    6415.604  1.012138
    6415.626  1.014435
    6415.648  1.020988
    6415.670  1.014635
    6415.692  1.023344
    6415.714  1.019062
    6415.736  1.017829
    6415.758  1.017607
    6415.780  1.015432
    6415.802  1.018304
    6415.824  1.015196
    6415.846  1.017812
    6415.868  1.028329
    6415.890  1.021267
    6415.912  1.009931
    6415.934  1.00669
    6415.956  1.009733
    6415.978  1.014016
    6416.000  1.022235
    6416.022  1.019953
    6416.044  1.012294
    6416.066  1.005496
    6416.088  1.01819
    6416.110  1.026329
    6416.132  1.019888
    6416.155  1.011368
    6416.177  1.011409
    6416.199  1.008049
    6416.221  1.006378
    6416.243  1.000942
    6416.265  1.000939
    6416.287  0.997228
    6416.309  1.006965
    6416.331  1.010743
    6416.353  1.010243
    6416.375  1.014717
    6416.397  1.01348
    6416.419  1.00416
    6416.441  0.9948718
    6416.463  0.9994859
    6416.485  1.006536
    6416.507  1.010437
    6416.529  1.006191
    6416.551  0.9995168
    6416.573  0.9994873
    6416.595  0.9951535
    6416.617  0.9931347
    6416.639  0.9912783
    6416.661  0.9959499
    6416.683  0.9954467
    6416.705  0.991997
    6416.727  1.002673
    6416.749  0.9992598
    6416.771  0.9858225
    6416.794  0.9921231
    6416.816  0.9924747
    6416.838  0.9821874
    6416.860  0.9850715
    6416.882  0.9868968
    6416.904  0.9843524
    6416.926  0.9858519
    6416.948  0.9824588
    6416.970  0.9817924
    6416.992  0.9842538
    6417.014  0.9783977
    6417.036  0.977471
    6417.058  0.9773425
    6417.080  0.977705
    6417.102  0.9837822
    6417.124  0.9795814
    6417.146  0.9761216
    6417.168  0.9762973
    6417.190  0.9788331
    6417.212  0.9890224
    6417.234  0.9841424
    6417.256  0.9773529
    6417.278  0.9765981
    6417.300  0.980451
    6417.322  0.9835661
    6417.344  0.983715
    6417.366  0.9902822
    6417.388  0.9890333
    6417.410  0.9845982
    6417.433  0.992786
    6417.455  0.9892408
    6417.477  0.9860767
    6417.499  0.9899104
    6417.521  0.9905873
    6417.543  0.9911767
    6417.565  0.9847062
    6417.587  0.9846396
    6417.609  0.9845054
    6417.631  0.9856831
    6417.653  0.9888721
    6417.675  0.9963453
    6417.697  1.000783
    6417.719  0.9986679
    6417.741  0.9974605
    6417.763  0.9991122
    6417.785  0.9928284
    6417.807  0.9958027
    6417.829  0.9972456
    6417.851  0.9921069
    6417.873  0.9930819
    6417.895  0.9901013
    6417.917  0.9887043
    6417.939  0.9890069
    6417.961  0.9959155
    6417.983  1.004432
    6418.005  1.002186
    6418.027  0.9940533
    6418.049  0.9936424
    6418.072  0.9899997
    6418.094  0.9880881
    6418.116  0.9887591
    6418.138  0.9758997
    6418.160  0.9763938
    6418.182  0.9821015
    6418.204  0.9724071
    6418.226  0.972639
    6418.248  0.9789747
    6418.270  0.9760526
    6418.292  0.9653307
    6418.314  0.9561037
    6418.336  0.9615744
    6418.358  0.9636945
    6418.380  0.9593018
    6418.402  0.9492315
    6418.424  0.9592844
    6418.446  0.9637498
    6418.468  0.9601316
    6418.490  0.9532906
    6418.512  0.9468464
    6418.534  0.9545673
    6418.556  0.9569456
    6418.578  0.9527093
    6418.600  0.9430343
    6418.622  0.9426029
    6418.644  0.9498433
    6418.666  0.9532847
    6418.689  0.9490639
    6418.711  0.946223
    6418.733  0.9456757
    6418.755  0.9508346
    6418.777  0.9466982
    6418.799  0.9347652
    6418.821  0.9411283
    6418.843  0.9555528
    6418.865  0.952444
    6418.887  0.9438581
    6418.909  0.9480959
    6418.931  0.9511656
    6418.953  0.9498773
    6418.975  0.9478084
    6418.997  0.9447541
    6419.019  0.945456
    6419.041  0.9532974
    6419.063  0.9528109
    6419.085  0.9551103
    6419.107  0.9510094
    6419.129  0.9525609
    6419.151  0.9480681
    6419.173  0.9395083
    6419.195  0.9476541
    6419.217  0.9497076
    6419.239  0.9515207
    6419.261  0.9432519
    6419.283  0.9424162
    6419.305  0.9561369
    6419.328  0.9585795
    6419.350  0.9502045
    6419.372  0.952487
    6419.394  0.9552588
    6419.416  0.9511417
    6419.438  0.9669275
    6419.460  0.9680353
    6419.482  0.9678559
    6419.504  0.9792737
    6419.526  0.9806872
    6419.548  0.9806446
    6419.570  0.9740195
    6419.592  0.9700981
    6419.614  0.9799392
    6419.636  0.9919865
    6419.658  0.9834044
    6419.680  0.9742665
    6419.702  0.9755813
    6419.724  0.9942035
    6419.746  0.9989808
    6419.768  0.9920542
    6419.790  0.9913591
    6419.812  0.9828559
    6419.834  0.9793892
    6419.856  0.9857295
    6419.878  0.9869651
    6419.900  0.9841747
    6419.922  0.9824104
    6419.944  0.980018
    6419.967  0.9836975
    6419.989  0.9824347
    6420.011  0.9788566
    6420.033  0.9787378
    6420.055  0.9769796
    6420.077  0.9845879
    6420.099  0.9840183
    6420.121  0.9932634
    6420.143  0.9973158
    6420.165  0.9843459
    6420.187  0.9823863
    6420.209  0.9851269
    6420.231  0.9883839
    6420.253  0.983439
    6420.275  0.9876913
    6420.297  0.9976242
    6420.319  0.9923261
    6420.341  0.9905487
    6420.363  0.9951174
    6420.385  0.9949251
    6420.407  0.9982244
    6420.429  1.002245
    6420.451  0.9870018
    6420.473  0.9939729
    6420.495  0.9939298
    6420.517  0.9954954
    6420.539  0.9956765
    6420.561  1.003217
    6420.583  0.9985701
    6420.606  0.9952396
    6420.628  0.9949968
    6420.650  1.002545
    6420.672  1.003693
    6420.694  1.002272
    6420.716  0.9989538
    6420.738  1.01332
    6420.760  1.026247
    6420.782  1.012583
    6420.804  1.002975
    6420.826  1.012456
    6420.848  1.022461
    6420.870  1.011472
    6420.892  1.006446
    6420.914  1.012647
    6420.936  1.010506
    6420.958  1.013277
    6420.980  1.022603
    6421.002  1.023504
    6421.024  1.017643
    6421.046  1.015499
    6421.068  1.014905
    6421.090  1.02085
    6421.112  1.019696
    6421.134  1.014963
    6421.156  1.014007
    6421.178  1.021436
    6421.200  1.029875
    6421.222  1.020845
    6421.245  1.018606
    6421.267  1.02339
    6421.289  1.020279
    6421.311  1.015375
    6421.333  1.021611
    6421.355  1.015974
    6421.377  1.010069
    6421.399  1.018868
    6421.421  1.010089
    6421.443  1.003178
    6421.465  1.005593
    6421.487  0.9997874
    6421.509  1.000539
    6421.531  1.007326
    6421.553  1.00799
    6421.575  1.002579
    6421.597  1.004977
    6421.619  1.001501
    6421.641  0.9980847
    6421.663  1.004368
    6421.685  1.007217
    6421.707  1.001095
    6421.729  1.006061
    6421.751  1.007097
    6421.773  1.0002
    6421.795  0.9930668
    6421.817  0.9912543
    6421.839  1.000742
    6421.861  1.002593
    6421.884  1.003104
    6421.906  1.007002
    6421.928  1.012125
    6421.950  1.002893
    6421.972  1.003771
    6421.994  1.003338
    6422.016  1.004541
    6422.038  1.008934
    6422.060  1.002715
    6422.082  0.9994207
    6422.104  0.998868
    6422.126  0.9919694
    6422.148  1.001886
    6422.170  1.007493
    6422.192  1.002622
    6422.214  0.9997638
    6422.236  1.002211
    6422.258  1.001271
    6422.280  0.9975682
    6422.302  0.996595
    6422.324  0.9781914
