    6382.750  0.9990559 
    6382.772  1.004425
    6382.794  1.001701
    6382.816  1.008779
    6382.838  1.006325
    6382.860  1.000359
    6382.882  0.993781
    6382.904  0.9924096
    6382.926  0.9998115
    6382.948  1.005386
    6382.970  1.006756
    6382.992  0.9994951
    6383.014  0.9966477
    6383.036  0.9947046
    6383.058  0.991285
    6383.081  0.9971074
    6383.103  1.003935
    6383.125  0.9991894
    6383.147  0.9973612
    6383.169  1.001318
    6383.191  0.9982235
    6383.213  0.9920686
    6383.235  0.9868907
    6383.257  0.9875705
    6383.279  0.9927993
    6383.301  0.9939418
    6383.323  0.9947606
    6383.345  0.9891542
    6383.367  0.9951436
    6383.389  1.000989
    6383.411  0.9974232
    6383.433  0.9943138
    6383.455  0.9961113
    6383.477  1.000601
    6383.499  0.9942824
    6383.521  0.9906392
    6383.543  0.9911295
    6383.565  0.9936367
    6383.587  0.9870645
    6383.609  0.9717157
    6383.631  0.9622428
    6383.653  0.961549
    6383.675  0.9568663
    6383.697  0.9625906
    6383.719  0.9677569
    6383.742  0.9607275
    6383.764  0.9630203
    6383.786  0.9643533
    6383.808  0.9617109
    6383.830  0.9734123
    6383.852  0.9776329
    6383.874  0.9856851
    6383.896  0.9935435
    6383.918  0.9877061
    6383.940  0.9842258
    6383.962  0.9857499
    6383.984  0.9894972
    6384.006  0.9893225
    6384.028  0.9921513
    6384.050  0.9928738
    6384.072  0.9969605
    6384.094  1.00582
    6384.116  1.007405
    6384.138  1.007443
    6384.160  1.003958
    6384.182  1.000558
    6384.204  1.002498
    6384.226  1.002753
    6384.248  0.9975923
    6384.270  0.9982165
    6384.292  1.004614
    6384.314  1.005633
    6384.336  1.002628
    6384.358  0.9987063
    6384.381  0.9965447
    6384.403  1.002383
    6384.425  1.005664
    6384.447  1.001564
    6384.469  0.9915442
    6384.491  0.9923632
    6384.513  0.998665
    6384.535  0.9927177
    6384.557  0.9808399
    6384.579  0.9777554
    6384.601  0.9656336
    6384.623  0.9573705
    6384.645  0.9640718
    6384.667  0.9706392
    6384.689  0.9705543
    6384.711  0.9707358
    6384.733  0.9716049
    6384.755  0.9711801
    6384.777  0.9677968
    6384.799  0.9736473
    6384.821  0.9892586
    6384.843  0.9925073
    6384.865  0.9937114
    6384.887  0.9982564
    6384.909  0.999222
    6384.931  1.001553
    6384.953  1.002491
    6384.975  1.000299
    6384.997  1.001588
    6385.019  0.9975741
    6385.042  0.9930533
    6385.064  0.9991259
    6385.086  1.008176
    6385.108  1.00392
    6385.130  1.001417
    6385.152  1.0079
    6385.174  1.00603
    6385.196  1.000629
    6385.218  1.001291
    6385.240  1.004982
    6385.262  0.9948465
    6385.284  0.9932254
    6385.306  0.9961544
    6385.328  0.9940999
    6385.350  0.9938875
    6385.372  0.9877896
    6385.394  0.9875339
    6385.416  0.983658
    6385.438  0.9691232
    6385.460  0.9728133
    6385.482  0.9749389
    6385.504  0.9688047
    6385.526  0.9690199
    6385.548  0.9697059
    6385.570  0.9685242
    6385.592  0.9684995
    6385.614  0.9657475
    6385.636  0.9577971
    6385.658  0.9555606
    6385.681  0.9636933
    6385.703  0.968114
    6385.725  0.9677647
    6385.747  0.9722832
    6385.769  0.9792652
    6385.791  0.9811982
    6385.813  0.9797342
    6385.835  0.9831859
    6385.857  0.98711
    6385.879  0.9903992
    6385.901  0.9965515
    6385.923  0.9980814
    6385.945  0.9954571
    6385.967  0.9946414
    6385.989  0.9972157
    6386.011  0.9969998
    6386.033  0.9976798
    6386.055  1.009008
    6386.077  1.007349
    6386.099  0.9985621
    6386.121  1.003117
    6386.143  1.005471
    6386.165  0.9998689
    6386.187  0.9994135
    6386.209  1.006113
    6386.231  1.00696
    6386.253  1.003616
    6386.275  0.9974043
    6386.297  0.9947841
    6386.319  0.9981859
    6386.342  0.9983191
    6386.364  0.9937834
    6386.386  0.9927711
    6386.408  0.9926565
    6386.430  0.9909152
    6386.452  0.9947262
    6386.474  0.9904703
    6386.496  0.9886665
    6386.518  0.9930096
    6386.540  0.9882582
    6386.562  0.9878954
    6386.584  0.989726
    6386.606  0.9925271
    6386.628  0.9899723
    6386.650  0.9824151
    6386.672  0.9803873
    6386.694  0.9787182
    6386.716  0.9829102
    6386.738  0.9908771
    6386.760  0.994134
    6386.782  1.000488
    6386.804  0.9996157
    6386.826  0.9951885
    6386.848  1.000525
    6386.870  0.9985625
    6386.892  0.9998508
    6386.914  0.9968147
    6386.936  0.9912562
    6386.958  0.9960089
    6386.981  0.9955761
    6387.003  0.9937066
    6387.025  1.001418
    6387.047  1.006892
    6387.069  1.003166
    6387.091  1.006203
    6387.113  1.007658
    6387.135  1.011633
    6387.157  1.010442
    6387.179  1.001528
    6387.201  0.9981777
    6387.223  0.9964506
    6387.245  0.9989749
    6387.267  1.010871
    6387.289  1.011172
    6387.311  1.006624
    6387.333  1.006201
    6387.355  1.011751
    6387.377  1.011095
    6387.399  1.005106
    6387.421  1.00193
    6387.443  0.9965194
    6387.465  0.995472
    6387.487  0.9991543
    6387.509  1.0039
    6387.531  1.005968
    6387.553  0.998145
    6387.575  1.003919
    6387.597  1.008814
    6387.619  1.007196
    6387.642  1.014326
    6387.664  1.011014
    6387.686  1.007418
    6387.708  1.006677
    6387.730  1.00344
    6387.752  1.000766
    6387.774  0.9987867
    6387.796  1.002263
    6387.818  1.008836
    6387.840  1.005825
    6387.862  1.006466
    6387.884  1.007473
    6387.906  1.009773
    6387.928  1.001065
    6387.950  1.004006
    6387.972  1.014092
    6387.994  1.011486
    6388.016  1.008079
    6388.038  1.007726
    6388.060  1.005502
    6388.082  1.006725
    6388.104  1.00498
    6388.126  1.00626
    6388.148  1.012132
    6388.170  1.014087
    6388.192  1.013405
    6388.214  1.003703
    6388.236  0.9986616
    6388.258  1.000918
    6388.281  1.001439
    6388.303  0.9979839
    6388.325  0.9988665
    6388.347  0.9991221
    6388.369  1.001911
    6388.391  1.00223
    6388.413  1.002939
    6388.435  1.001577
    6388.457  0.9938259
    6388.479  0.9977455
    6388.501  0.9995741
    6388.523  1.004854
    6388.545  1.003733
    6388.567  1.001406
    6388.589  1.00399
    6388.611  1.001542
    6388.633  1.001753
    6388.655  1.004522
    6388.677  1.002439
    6388.699  1.003596
    6388.721  1.000761
    6388.743  1.003923
    6388.765  1.001568
    6388.787  1.002568
    6388.809  1.007969
    6388.831  1.007998
    6388.853  1.00171
    6388.875  0.9961696
    6388.897  1.002777
    6388.919  1.00425
    6388.942  1.001382
    6388.964  0.9956011
    6388.986  1.000093
    6389.008  1.003671
    6389.030  0.9967658
    6389.052  0.9915238
    6389.074  0.9883184
    6389.096  0.9913083
    6389.118  0.997385
    6389.140  0.9967024
    6389.162  0.9925376
    6389.184  0.9992011
    6389.206  1.008266
    6389.228  1.008927
    6389.250  1.007105
    6389.272  1.001973
    6389.294  1.001719
    6389.316  1.00843
    6389.338  1.007177
    6389.360  0.9993283
    6389.382  1.002583
    6389.404  1.008514
    6389.426  1.00892
    6389.448  1.004301
    6389.470  0.9952909
    6389.492  0.9963195
    6389.514  1.002146
    6389.536  0.9989677
    6389.558  0.9905751
    6389.581  0.992759
    6389.603  1.004798
    6389.625  1.00219
    6389.647  0.9995046
    6389.669  1.000178
    6389.691  0.9889017
    6389.713  0.9900613
    6389.735  0.998598
    6389.757  0.9965397
    6389.779  0.9994267
    6389.801  0.9996451
    6389.823  0.9928585
    6389.845  0.992301
    6389.867  0.9957268
    6389.889  1.001236
    6389.911  1.003303
    6389.933  1.001897
    6389.955  0.9981028
    6389.977  0.998059
    6389.999  0.9988039
    6390.021  0.9945132
    6390.043  0.9923802
    6390.065  0.9965339
    6390.087  1.003924
    6390.109  1.00254
    6390.131  0.9903166
    6390.153  0.9920983
    6390.175  1.002346
    6390.197  1.009654
    6390.219  1.007481
    6390.242  1.004184
    6390.264  1.004187
    6390.286  1.004599
    6390.308  1.007946
    6390.330  1.007264
    6390.352  0.9934767
    6390.374  0.9911471
    6390.396  0.9943878
    6390.418  0.9968592
    6390.440  0.9925898
    6390.462  0.9888349
    6390.484  0.9956296
    6390.506  1.002355
    6390.528  0.9943306
    6390.550  0.9882497
    6390.572  0.9934546
    6390.594  0.9936712
    6390.616  0.9935687
    6390.638  0.9995585
    6390.660  1.006447
    6390.682  1.01014
    6390.704  1.005635
    6390.726  0.9975426
    6390.748  0.9912985
    6390.770  0.9985158
    6390.792  1.004429
    6390.814  1.000228
    6390.836  1.002433
    6390.858  1.010731
    6390.881  1.008638
    6390.903  1.000391
    6390.925  0.9974543
    6390.947  0.9987107
    6390.969  1.000202
    6390.991  0.9966701
    6391.013  0.985493
    6391.035  0.9996673
    6391.057  1.001252
    6391.079  0.9947584
    6391.101  0.9977208
    6391.123  1.002456
    6391.145  1.001684
    6391.167  1.003088
    6391.189  1.003342
    6391.211  1.002708
    6391.233  1.000774
    6391.255  1.001188
    6391.277  0.9950615
    6391.299  0.9938115
    6391.321  1.000044
    6391.343  1.001971
    6391.365  0.9950454
    6391.387  0.9871803
    6391.409  0.9825791
    6391.431  0.9916874
    6391.453  0.991138
    6391.475  0.989445
    6391.497  0.9908149
    6391.519  0.9921061
    6391.542  1.005344
    6391.564  1.00049
    6391.586  0.9948272
    6391.608  0.999114
    6391.630  1.00499
    6391.652  0.9916937
    6391.674  0.9953567
    6391.696  0.9968309
    6391.718  0.9967759
    6391.740  1.004343
    6391.762  1.000469
    6391.784  1.003553
    6391.806  1.004981
    6391.828  0.9951331
    6391.850  1.002704
    6391.872  0.9976789
    6391.894  0.9944953
    6391.916  1.000177
    6391.938  0.9992849
    6391.960  0.9983049
    6391.982  0.9999158
    6392.004  1.005632
    6392.026  1.006407
    6392.048  1.00711
    6392.070  1.006746
    6392.092  1.001659
    6392.114  0.9979493
    6392.136  1.006386
    6392.158  1.010014
    6392.181  0.9968173
    6392.203  0.9918261
    6392.225  0.9973856
    6392.247  0.9921905
    6392.269  0.9955654
    6392.291  0.9984424
    6392.313  0.9967468
    6392.335  0.9954162
    6392.357  0.9943834
    6392.379  0.99437
    6392.401  0.9959424
    6392.423  0.9974796
    6392.445  0.988221
    6392.467  0.9891323
    6392.489  0.9981964
    6392.511  0.9953719
    6392.533  0.9844628
    6392.555  0.9870343
    6392.577  0.9941261
    6392.599  0.9926311
    6392.621  0.9972455
    6392.643  0.9966123
    6392.665  0.9892558
    6392.687  0.9931055
    6392.709  0.9998556
    6392.731  0.9988168
    6392.753  0.996518
    6392.775  1.000663
    6392.797  1.00634
    6392.819  1.006256
    6392.842  0.9960859
    6392.864  0.9993342
    6392.886  1.00584
    6392.908  0.9968095
    6392.930  1.00106
    6392.952  0.9985304
    6392.974  0.991883
    6392.996  0.9960864
    6393.018  0.9976752
    6393.040  1.000595
    6393.062  0.9989142
    6393.084  0.9904525
    6393.106  0.9894053
    6393.128  0.9933813
    6393.150  1.00071
    6393.172  1.00477
    6393.194  0.9946405
    6393.216  0.9827097
    6393.238  0.9801059
    6393.260  0.9932575
    6393.282  0.9932522
    6393.304  0.9884405
    6393.326  0.9870958
    6393.348  0.9750948
    6393.370  0.9704552
    6393.392  0.9577382
    6393.414  0.9329191
    6393.436  0.9175234
    6393.458  0.901661
    6393.481  0.8739216
    6393.503  0.8424299
    6393.525  0.808972
    6393.547  0.7796016
    6393.569  0.7656776
    6393.591  0.7492029
    6393.613  0.7418659
    6393.635  0.7503393
    6393.657  0.7687923
    6393.679  0.79522
    6393.701  0.8265353
    6393.723  0.8481481
    6393.745  0.87884
    6393.767  0.9072746
    6393.789  0.9338372
    6393.811  0.9466349
    6393.833  0.9519952
    6393.855  0.9521868
    6393.877  0.9635305
    6393.899  0.9708878
    6393.921  0.9769608
    6393.943  0.9804319
    6393.965  0.9865931
    6393.987  0.9902962
    6394.009  0.9881943
    6394.031  0.9894212
    6394.053  0.9904067
    6394.075  0.9959369
    6394.097  1.000669
    6394.119  0.9937249
    6394.142  0.9858212
    6394.164  0.9880229
    6394.186  0.9821915
    6394.208  0.9801182
    6394.230  0.9871948
    6394.252  0.9904165
    6394.274  0.993929
    6394.296  0.98453
    6394.318  0.9792256
    6394.340  0.9774661
    6394.362  0.9784564
    6394.384  0.9775863
    6394.406  0.9695172
    6394.428  0.9569693
    6394.450  0.9450684
    6394.472  0.936486
    6394.494  0.9182945
    6394.516  0.9002527
    6394.538  0.8804057
    6394.560  0.8610335
    6394.582  0.8634248
    6394.604  0.8741723
    6394.626  0.880811
    6394.648  0.8985273
    6394.670  0.9146257
    6394.692  0.9262568
    6394.714  0.9396654
    6394.736  0.9558516
    6394.758  0.970339
    6394.781  0.9773976
    6394.803  0.9880656
    6394.825  0.9919483
    6394.847  0.9886807
    6394.869  0.9901277
    6394.891  0.982895
    6394.913  0.9899786
    6394.935  0.9971986
    6394.957  0.9923918
    6394.979  0.9863613
    6395.001  0.986549
    6395.023  0.9842898
    6395.045  0.9848093
    6395.067  0.9871903
    6395.089  0.9870323
    6395.111  0.9838138
    6395.133  0.9810223
    6395.155  0.9815793
    6395.177  0.9825998
    6395.199  0.9845749
    6395.221  0.9867419
    6395.243  0.9854486
    6395.265  0.9808288
    6395.287  0.9863949
    6395.309  0.9878262
    6395.331  0.9873205
    6395.353  0.9913034
    6395.375  0.985475
    6395.397  0.9828948
    6395.419  0.9928888
    6395.442  0.9933086
    6395.464  0.9853855
    6395.486  0.9857574
    6395.508  0.9878952
    6395.530  0.9896314
    6395.552  0.9947474
    6395.574  1.005471
    6395.596  1.012336
    6395.618  1.007182
    6395.640  0.9953473
    6395.662  0.9997369
    6395.684  1.010576
    6395.706  1.006723
    6395.728  1.002789
    6395.750  1.006519
    6395.772  1.004932
    6395.794  0.9998508
    6395.816  1.002434
    6395.838  1.003044
    6395.860  0.9942696
    6395.882  0.9929284
    6395.904  1.000058
    6395.926  1.00264
    6395.948  0.9992214
    6395.970  0.9956287
    6395.992  0.9963179
    6396.014  0.9945822
    6396.036  0.9940249
    6396.058  0.9928634
    6396.081  0.9892415
    6396.103  0.9862671
    6396.125  0.9891058
    6396.147  0.9990033
    6396.169  0.9968007
    6396.191  0.9853752
    6396.213  0.9859419
    6396.235  0.996754
    6396.257  0.9969306
    6396.279  1.000586
    6396.301  0.9965297
    6396.323  0.9880478
    6396.345  0.9952901
    6396.367  0.9969826
    6396.389  0.9935938
    6396.411  0.9976021
    6396.433  0.9956481
    6396.455  0.9905825
    6396.477  0.9948822
    6396.499  0.9947301
    6396.521  0.9986076
    6396.543  0.9987663
    6396.565  0.9889905
    6396.587  0.9944569
    6396.609  1.004479
    6396.631  0.9955568
    6396.653  0.987763
    6396.675  0.9927224
    6396.697  0.9996644
    6396.719  0.9956816
    6396.742  0.9963159
    6396.764  0.9953734
    6396.786  0.9964364
    6396.808  1.003554
    6396.830  1.001646
    6396.852  0.9986043
    6396.874  0.995012
    6396.896  1.001975
    6396.918  1.001326
    6396.940  0.994864
    6396.962  1.002357
    6396.984  1.007503
    6397.006  1.007174
    6397.028  1.005437
    6397.050  1.002644
    6397.072  1.002621
    6397.094  1.005752
    6397.116  0.9998478
    6397.138  0.9981335
    6397.160  1.005698
    6397.182  1.004537
    6397.204  0.9966124
    6397.226  1.0026
    6397.248  1.003954
    6397.270  0.9944766
    6397.292  0.9953475
    6397.314  0.9963585
    6397.336  0.9976537
    6397.358  1.001331
    6397.381  1.001405
    6397.403  0.9931884
    6397.425  0.9922439
    6397.447  1.001479
    6397.469  0.9946933
    6397.491  0.9972908
    6397.513  1.004803
    6397.535  1.001663
    6397.557  0.9977781
    6397.579  0.9966983
    6397.601  0.9875866
    6397.623  0.9843912
    6397.645  0.9932706
    6397.667  0.9914382
    6397.689  0.9905443
    6397.711  0.9934132
    6397.733  0.9897456
    6397.755  0.9893522
    6397.777  1.000283
    6397.799  1.003512
    6397.821  0.9937384
    6397.843  0.9908254
    6397.865  0.9946941
    6397.887  0.9934361
    6397.909  0.9861286
    6397.931  0.99289
    6397.953  0.9950933
    6397.975  0.9872191
    6397.997  0.9861864
    6398.019  0.9832913
    6398.042  0.9882799
    6398.064  0.9963212
    6398.086  0.9920133
    6398.108  0.9865438
    6398.130  0.9889586
    6398.152  0.9873084
    6398.174  0.9865337
    6398.196  0.99464
    6398.218  0.9943786
    6398.240  0.9921046
    6398.262  0.9982672
    6398.284  1.005153
    6398.306  0.9926208
    6398.328  0.9856639
    6398.350  0.9985939
    6398.372  1.00924
    6398.394  1.006934
    6398.416  0.989345
    6398.438  0.9934926
    6398.460  1.002891
    6398.482  1.000714
    6398.504  0.9987323
    6398.526  0.998173
    6398.548  1.000923
    6398.570  0.999664
    6398.592  0.9910187
    6398.614  0.9930329
    6398.636  0.9970121
    6398.658  0.9978153
    6398.681  0.9952662
    6398.703  0.9939364
    6398.725  0.9915779
    6398.747  1.00027
    6398.769  1.006632
    6398.791  1.007586
    6398.813  1.003041
    6398.835  0.9941803
    6398.857  0.9952381
    6398.879  0.9988517
    6398.901  0.9941723
    6398.923  1.001893
    6398.945  0.9931951
    6398.967  0.9902726
    6398.989  0.9938722
    6399.011  0.992372
    6399.033  1.001232
    6399.055  1.000571
    6399.077  0.9958154
    6399.099  0.9981257
    6399.121  1.004565
    6399.143  1.00332
    6399.165  1.000565
    6399.187  0.9993786
    6399.209  1.006278
    6399.231  0.9957627
    6399.253  0.9978695
    6399.275  1.006522
    6399.297  0.9998367
    6399.319  0.9915512
    6399.342  0.990263
    6399.364  0.9900367
    6399.386  0.9938477
    6399.408  1.000518
    6399.430  0.9966651
    6399.452  0.9954375
    6399.474  0.9948429
    6399.496  0.9916563
    6399.518  0.9959732
    6399.540  0.9962269
    6399.562  0.9897783
    6399.584  0.9878571
    6399.606  0.986537
    6399.628  0.9955147
    6399.650  0.992828
    6399.672  0.9809771
    6399.694  0.9785543
    6399.716  0.9805021
    6399.738  0.9749131
    6399.760  0.9668397
    6399.782  0.9576757
    6399.804  0.9412496
    6399.826  0.9201025
    6399.848  0.900804
    6399.870  0.8762571
    6399.892  0.8409684
    6399.914  0.807774
    6399.936  0.7864581
    6399.958  0.7564417
    6399.981  0.743296
    6400.003  0.735589
    6400.025  0.7340592
    6400.047  0.7403505
    6400.069  0.7624052
    6400.091  0.7940544
    6400.113  0.8243952
    6400.135  0.8520057
    6400.157  0.8749385
    6400.179  0.8903107
    6400.201  0.9042766
    6400.223  0.9206934
    6400.245  0.9297628
    6400.267  0.9272608
    6400.289  0.935322
    6400.311  0.9433017
    6400.333  0.9420755
    6400.355  0.9490519
    6400.377  0.9541349
    6400.399  0.9639169
    6400.421  0.9648421
    6400.443  0.9719287
    6400.465  0.987743
    6400.487  0.9876013
    6400.509  0.9861131
    6400.531  0.9852899
    6400.553  0.9862955
    6400.575  0.9914405
    6400.597  0.9908633
    6400.619  0.9924667
    6400.642  0.9903395
    6400.664  0.9854735
    6400.686  0.9791281
    6400.708  0.9817765
    6400.730  0.9816805
    6400.752  0.9704731
    6400.774  0.9664213
    6400.796  0.9563724
    6400.818  0.942547
    6400.840  0.9389232
    6400.862  0.9269218
    6400.884  0.9044266
    6400.906  0.8874943
    6400.928  0.8797933
    6400.950  0.8706565
    6400.972  0.8657796
    6400.994  0.8625794
    6401.016  0.8693786
    6401.038  0.8814092
    6401.060  0.8878852
    6401.082  0.9062679
    6401.104  0.9266499
    6401.126  0.9333452
    6401.148  0.9342473
    6401.170  0.9426869
    6401.192  0.9486381
    6401.214  0.936409
    6401.236  0.9361789
    6401.258  0.9338593
    6401.281  0.9357864
    6401.303  0.9379073
    6401.325  0.9409057
    6401.347  0.9481007
    6401.369  0.9506881
    6401.391  0.9582132
    6401.413  0.9713638
    6401.435  0.9781392
    6401.457  0.9846057
    6401.479  0.9959587
    6401.501  1.003434
    6401.523  0.9935871
    6401.545  0.9949875
    6401.567  0.9969767
    6401.589  0.9911008
    6401.611  0.9974808
    6401.633  0.9998464
    6401.655  1.000225
    6401.677  1.001552
    6401.699  0.9990622
    6401.721  1.002503
    6401.743  1.001152
    6401.765  1.001486
    6401.787  1.007303
    6401.809  1.004436
    6401.831  1.007612
    6401.853  1.006849
    6401.875  0.9990156
    6401.897  1.003214
    6401.919  1.005902
    6401.942  0.9999535
    6401.964  0.9996946
    6401.986  1.002645
    6402.008  0.9943172
    6402.030  0.9947242
    6402.052  1.005393
    6402.074  1.00238
    6402.096  0.9976513
    6402.118  1.001912
    6402.140  1.001252
    6402.162  1.004393
    6402.184  1.006164
    6402.206  0.9998539
    6402.228  0.9998415
    6402.250  1.003163
    6402.272  0.9995031
    6402.294  1.00578
    6402.316  1.003734
    6402.338  0.9961549
    6402.360  0.997778
    6402.382  1.006158
    6402.404  1.000732
    6402.426  1.00106
    6402.448  1.003385
    6402.470  1.003837
    6402.492  1.009957
    6402.514  1.014094
    6402.536  1.005835
    6402.558  1.004936
    6402.581  1.003387
    6402.603  0.9973822
    6402.625  0.9971213
    6402.647  0.9994816
    6402.669  1.001192
    6402.691  1.002104
    6402.713  0.9987573
    6402.735  0.9991342
    6402.757  0.9956394
    6402.779  0.9884909
    6402.801  0.9956837
    6402.823  0.9952832
    6402.845  1.012714
    6402.867  1.01786
    6402.889  1.01071
    6402.911  1.000135
    6402.933  0.9992076
    6402.955  1.003064
    6402.977  1.006552
    6402.999  1.008355
    6403.021  1.006548
    6403.043  0.9992651
    6403.065  0.9957188
    6403.087  1.003012
    6403.109  1.007951
    6403.131  1.003643
    6403.153  1.004543
    6403.175  1.00528
    6403.197  1.003843
    6403.219  1.00742
    6403.242  1.009381
    6403.264  1.00892
    6403.286  1.007137
    6403.308  1.006893
    6403.330  1.005389
    6403.352  1.008469
    6403.374  1.008788
    6403.396  1.004622
    6403.418  0.9998938
    6403.440  0.9942912
    6403.462  0.9993287
    6403.484  1.011842
    6403.506  1.011373
    6403.528  1.000733
    6403.550  0.9978821
    6403.572  1.005697
    6403.594  1.010268
    6403.616  0.9946112
    6403.638  0.9957197
    6403.660  0.9963852
    6403.682  0.9954779
    6403.704  1.001218
    6403.726  1.004369
    6403.748  1.006216
    6403.770  0.9990446
    6403.792  1.00092
    6403.814  1.002124
    6403.836  0.9933304
    6403.858  0.9883359
    6403.881  0.9968992
    6403.903  1.009521
    6403.925  1.004599
    6403.947  1.009188
    6403.969  1.01181
    6403.991  1.005014
    6404.013  1.00011
    6404.035  1.007838
    6404.057  1.008263
    6404.079  1.003914
    6404.101  1.006207
    6404.123  1.009184
    6404.145  1.010814
    6404.167  1.005618
    6404.189  1.00199
    6404.211  1.004036
    6404.233  1.007398
    6404.255  1.00535
    6404.277  0.998723
    6404.299  0.9985939
    6404.321  1.003387
    6404.343  1.006603
    6404.365  1.004253
    6404.387  1.003259
    6404.409  1.001763
    6404.431  1.006486
    6404.453  1.003781
    6404.475  0.9945917
    6404.497  0.9969823
    6404.519  1.003619
    6404.542  1.009036
    6404.564  1.005848
    6404.586  0.9982296
    6404.608  1.002057
    6404.630  0.9984692
    6404.652  0.9937924
    6404.674  1.012091
    6404.696  1.015386
    6404.718  1.00699
    6404.740  1.000466
    6404.762  1.000009
    6404.784  1.007836
    6404.806  1.007259
    6404.828  1.000363
    6404.850  1.00881
    6404.872  1.014815
    6404.894  1.004418
    6404.916  1.000499
    6404.938  1.005887
    6404.960  1.005612
    6404.982  0.9992091
    6405.004  1.00229
    6405.026  0.9993608
    6405.048  0.9960557
    6405.070  1.00545
    6405.092  1.007485
    6405.114  1.005403
    6405.136  1.01105
    6405.158  1.006608
    6405.181  1.000708
    6405.203  1.008072
    6405.225  1.005338
    6405.247  0.9963211
    6405.269  0.9956808
    6405.291  0.9977934
    6405.313  0.9950901
    6405.335  0.9927204
    6405.357  1.001971
    6405.379  1.006851
    6405.401  0.9911467
    6405.423  0.9886078
    6405.445  0.9958355
    6405.467  0.9908861
    6405.489  0.9884375
    6405.511  0.9849088
    6405.533  0.9969885
    6405.555  1.000948
    6405.577  0.9947046
    6405.599  0.9909536
    6405.621  0.9913355
    6405.643  0.9861061
    6405.665  0.9869035
    6405.687  0.9968092
    6405.709  0.9886508
    6405.731  0.9808873
    6405.753  0.9828715
    6405.775  0.9875147
    6405.797  0.9868634
    6405.819  0.9903393
    6405.842  0.9912933
    6405.864  0.9915729
    6405.886  0.9882564
    6405.908  0.9878692
    6405.930  0.9876977
    6405.952  0.9951404
    6405.974  1.002767
    6405.996  1.004338
    6406.018  1.003394
    6406.040  0.9986254
    6406.062  1.002124
    6406.084  1.006518
    6406.106  1.004991
    6406.128  1.010772
    6406.150  1.008636
    6406.172  1.0038
    6406.194  1.001745
    6406.216  1.002625
    6406.238  1.003886
    6406.260  1.000184
    6406.282  1.00013
    6406.304  1.009413
    6406.326  1.006112
    6406.348  1.006425
    6406.370  1.005218
    6406.392  1.006359
    6406.414  1.006388
    6406.436  0.999637
    6406.458  0.9955468
    6406.481  0.9979196
    6406.503  1.002726
    6406.525  1.004212
    6406.547  0.9986482
    6406.569  0.9962723
    6406.591  0.9950834
    6406.613  0.9976454
    6406.635  0.9942049
    6406.657  0.9915272
    6406.679  0.9950539
    6406.701  0.9973092
    6406.723  0.989591
    6406.745  0.9856305
    6406.767  0.9845205
    6406.789  0.9918634
    6406.811  0.9921498
    6406.833  0.9980235
    6406.855  1.002268
    6406.877  0.9992362
    6406.899  0.995173
    6406.921  0.9951774
    6406.943  0.9947646
    6406.965  0.9921769
    6406.987  0.9872086
    6407.009  0.9885985
    6407.031  0.9883336
    6407.053  0.9893006
    6407.075  0.981541
    6407.097  0.9699613
    6407.119  0.9609755
    6407.142  0.9625737
    6407.164  0.9635305
    6407.186  0.9460647
    6407.208  0.936991
    6407.230  0.9364852
    6407.252  0.9333179
    6407.274  0.9337786
    6407.296  0.9387231
    6407.318  0.9434819
    6407.340  0.9431444
    6407.362  0.9473367
    6407.384  0.9511446
    6407.406  0.9649522
    6407.428  0.9764207
    6407.450  0.9715515
    6407.472  0.9739164
    6407.494  0.9901187
    6407.516  0.989172
    6407.538  0.9915564
    6407.560  0.9975949
    6407.582  0.9979181
    6407.604  0.9987112
    6407.626  0.9996882
    6407.648  0.9944118
    6407.670  0.9955297
    6407.692  0.9942898
    6407.714  0.9819899
    6407.736  0.9869927
    6407.758  0.982926
    6407.781  0.9809802
    6407.803  0.9832233
    6407.825  0.9621483
    6407.847  0.9466292
    6407.869  0.9389777
    6407.891  0.9239163
    6407.913  0.9032882
    6407.935  0.8778276
    6407.957  0.8622664
    6407.979  0.8438041
    6408.001  0.8266336
    6408.023  0.8151274
    6408.045  0.8156862
    6408.067  0.8364602
    6408.089  0.8422441
    6408.111  0.8551955
    6408.133  0.8794289
    6408.155  0.8920398
    6408.177  0.9086204
    6408.199  0.9283564
    6408.221  0.9355422
    6408.243  0.9417605
    6408.265  0.9536769
    6408.287  0.9626068
    6408.309  0.9579861
    6408.331  0.9658672
    6408.353  0.9752265
    6408.375  0.9845751
    6408.397  0.9809604
    6408.419  0.9855098
    6408.442  0.9947624
    6408.464  0.9872311
    6408.486  0.9871076
    6408.508  0.9957401
    6408.530  0.9920059
    6408.552  0.9813706
    6408.574  0.9839556
    6408.596  0.9820195
    6408.618  0.9820865
    6408.640  0.9867679
    6408.662  0.9891919
    6408.684  0.9878365
    6408.706  0.9844181
    6408.728  0.9864576
    6408.750  0.9912672
    6408.772  0.9845299
    6408.794  0.9780328
    6408.816  0.9854427
    6408.838  0.9831881
    6408.860  0.9689698
    6408.882  0.9420382
    6408.904  0.9181883
    6408.926  0.9064824
    6408.948  0.8971832
    6408.970  0.8922088
    6408.992  0.8934518
    6409.014  0.9000036
    6409.036  0.912685
    6409.058  0.921095
    6409.081  0.9426521
    6409.103  0.9566561
    6409.125  0.9719652
    6409.147  0.9781137
    6409.169  0.9817173
    6409.191  0.9837692
    6409.213  0.9783299
    6409.235  0.9895093
    6409.257  0.999241
    6409.279  0.9978592
    6409.301  0.9951521
    6409.323  0.9973482
    6409.345  0.993045
    6409.367  0.9885608
    6409.389  0.9899794
    6409.411  1.001973
    6409.433  0.9992746
    6409.455  0.9898452
    6409.477  0.9962248
    6409.499  0.9960411
    6409.521  0.9936725
    6409.543  0.996114
    6409.565  0.9918979
    6409.587  0.9888031
    6409.609  0.9967554
    6409.631  1.002737
    6409.653  0.9984373
    6409.675  0.9947461
    6409.697  0.9903588
    6409.719  0.9969108
    6409.742  1.010929
    6409.764  1.005159
    6409.786  0.9969623
    6409.808  0.9978685
    6409.830  0.9931504
    6409.852  1.006319
    6409.874  1.005481
    6409.896  0.9938853
    6409.918  1.003413
    6409.940  1.009699
    6409.962  1.004226
    6409.984  0.9981123
    6410.006  0.9989268
    6410.028  1.011467
    6410.050  1.005075
    6410.072  1.003155
    6410.094  1.009452
    6410.116  1.004261
    6410.138  1.002449
    6410.160  1.005798
    6410.182  1.005547
    6410.204  1.009695
    6410.226  1.00759
    6410.248  1.007995
    6410.270  1.010006
    6410.292  1.009033
    6410.314  1.007472
    6410.336  0.9993276
    6410.358  0.9980817
    6410.381  1.004002
    6410.403  1.008306
    6410.425  1.009773
    6410.447  1.01155
    6410.469  1.016229
    6410.491  1.010457
    6410.513  1.003594
    6410.535  1.005649
    6410.557  1.011472
    6410.579  1.018546
    6410.601  1.006995
    6410.623  1.008663
    6410.645  1.006173
    6410.667  1.00267
    6410.689  1.008658
    6410.711  1.005623
    6410.733  1.00548
    6410.755  1.002953
    6410.777  1.003347
    6410.799  1.001071
    6410.821  1.005144
    6410.843  1.008953
    6410.865  1.003581
    6410.887  1.000257
    6410.909  0.9950671
    6410.931  0.9940809
    6410.953  0.9899518
    6410.975  0.9813044
    6410.997  0.9903288
    6411.019  0.9927495
    6411.042  0.9906147
    6411.064  0.9875462
    6411.086  0.9936841
    6411.108  0.9991047
    6411.130  0.9982987
    6411.152  0.9989259
    6411.174  1.005642
    6411.196  1.006019
    6411.218  0.9973951
    6411.240  0.9964176
    6411.262  1.002955
    6411.284  1.00304
    6411.306  1.001548
    6411.328  0.997354
    6411.350  0.9929623
    6411.372  0.9907222
    6411.394  0.9920208
    6411.416  0.9844912
    6411.438  0.9704877
    6411.460  0.9551737
    6411.482  0.9332706
    6411.504  0.9077259
    6411.526  0.8797622
    6411.548  0.8591772
    6411.570  0.8325701
    6411.592  0.8098872
    6411.614  0.7853383
    6411.636  0.7773502
    6411.658  0.7779489
    6411.681  0.7770773
    6411.703  0.7987274
    6411.725  0.8200877
    6411.747  0.8404619
    6411.769  0.8775622
    6411.791  0.9026679
    6411.813  0.91821
    6411.835  0.931614
    6411.857  0.9490455
    6411.879  0.9647762
    6411.901  0.9736944
    6411.923  0.9785259
    6411.945  0.9857637
    6411.967  0.9917286
    6411.989  0.9889499
    6412.011  0.9919976
    6412.033  0.9987681
    6412.055  1.000976
    6412.077  0.992017
    6412.099  0.9885205
    6412.121  0.998087
    6412.143  1.00001
    6412.165  0.9955886
    6412.187  0.9979715
    6412.209  0.9993871
    6412.231  0.9981815
    6412.253  1.001465
    6412.275  0.9980388
    6412.297  0.9902641
    6412.319  0.9918817
    6412.342  0.9979199
    6412.364  0.9946414
    6412.386  0.987775
    6412.408  0.9850485
    6412.430  0.9746937
    6412.452  0.9647015
    6412.474  0.9508504
    6412.496  0.9379468
    6412.518  0.9312449
    6412.540  0.9166709
    6412.562  0.9012389
    6412.584  0.8866366
    6412.606  0.8801724
    6412.628  0.8753515
    6412.650  0.8784811
    6412.672  0.8978091
    6412.694  0.910036
    6412.716  0.9295397
    6412.738  0.9458718
    6412.760  0.9576105
    6412.782  0.9761943
    6412.804  0.9794852
    6412.826  0.9713764
    6412.848  0.9784056
    6412.870  0.9901941
    6412.892  1.001139
    6412.914  1.002133
    6412.936  0.9993368
    6412.958  1.00152
    6412.981  1.001966
    6413.003  1.003307
    6413.025  1.002693
    6413.047  0.9976673
    6413.069  0.9945045
    6413.091  0.9940539
    6413.113  1.002055
    6413.135  1.010178
    6413.157  1.007778
    6413.179  1.004452
    6413.201  1.006082
    6413.223  1.00581
    6413.245  1.006521
    6413.267  1.003048
    6413.289  1.000192
    6413.311  1.004079
    6413.333  1.008121
    6413.355  1.005805
    6413.377  1.006962
    6413.399  1.003504
    6413.421  0.9979147
    6413.443  1.004534
    6413.465  0.9979699
    6413.487  1.001758
    6413.509  1.004776
    6413.531  1.006852
    6413.553  1.004539
    6413.575  1.000506
    6413.597  1.004538
    6413.619  0.9991605
    6413.642  0.9950482
    6413.664  0.9983577
    6413.686  1.0051
    6413.708  1.010869
    6413.730  1.001934
    6413.752  0.9943886
    6413.774  1.002601
    6413.796  1.004559
    6413.818  1.00736
    6413.840  1.004577
    6413.862  1.002524
    6413.884  1.003934
    6413.906  0.9990901
    6413.928  1.001798
    6413.950  1.000176
    6413.972  0.9958226
    6413.994  1.001303
    6414.016  1.001469
    6414.038  0.9998803
    6414.060  0.9951109
    6414.082  0.9989056
    6414.104  1.003789
    6414.126  1.007067
    6414.148  1.005986
    6414.170  0.9922481
    6414.192  0.9960724
    6414.214  1.000905
    6414.236  0.9995435
    6414.258  1.005376
    6414.281  0.999767
    6414.303  0.9977435
    6414.325  1.002248
    6414.347  0.9931062
    6414.369  1.000087
    6414.391  1.00533
    6414.413  1.005083
    6414.435  0.9976422
    6414.457  0.9898567
    6414.479  0.9939043
    6414.501  0.9968387
    6414.523  0.9916786
    6414.545  0.9822418
    6414.567  0.9781469
    6414.589  0.9742299
    6414.611  0.9842158
    6414.633  0.988715
    6414.655  0.9869504
    6414.677  0.9905173
    6414.699  0.9918244
    6414.721  0.9871077
    6414.743  0.9850708
    6414.765  0.9820788
    6414.787  0.9685082
    6414.809  0.9581194
    6414.831  0.9661461
    6414.853  0.9593635
    6414.875  0.9375796
    6414.897  0.9237593
    6414.919  0.9233801
    6414.942  0.9248855
    6414.964  0.9213223
    6414.986  0.9171002
    6415.008  0.9219776
    6415.030  0.9136304
    6415.052  0.9156007
    6415.074  0.9251177
    6415.096  0.936563
    6415.118  0.9534909
    6415.140  0.9620131
    6415.162  0.966373
    6415.184  0.9721276
    6415.206  0.9754044
    6415.228  0.9801698
    6415.250  0.9943311
    6415.272  0.9988828
    6415.294  0.9898219
    6415.316  0.9895298
    6415.338  0.9902518
    6415.360  0.9869559
    6415.382  0.9831052
    6415.404  0.9907252
    6415.426  0.9885449
    6415.448  0.9807484
    6415.470  0.9863541
    6415.492  0.9818149
    6415.514  0.966536
    6415.536  0.971173
    6415.558  0.9739605
    6415.581  0.975202
    6415.603  0.9792841
    6415.625  0.9802531
    6415.647  0.9782153
    6415.669  0.9824218
    6415.691  0.9920892
    6415.713  0.9879948
    6415.735  0.9848879
    6415.757  0.9837683
    6415.779  0.9883971
    6415.801  0.9849806
    6415.823  0.976932
    6415.845  0.9641811
    6415.867  0.9719975
    6415.889  0.9666421
    6415.911  0.9610595
    6415.933  0.9582102
    6415.955  0.9554637
    6415.977  0.9590974
    6415.999  0.9638734
    6416.021  0.9638029
    6416.043  0.965802
    6416.065  0.9748886
    6416.087  0.9822018
    6416.109  0.9877622
    6416.131  0.9895652
    6416.153  0.987465
    6416.175  0.9956293
    6416.197  0.9992175
    6416.219  1.003148
    6416.242  1.010796
    6416.264  0.9984108
    6416.286  0.9923806
    6416.308  0.9982602
    6416.330  0.9936726
    6416.352  0.9963248
    6416.374  1.004836
    6416.396  1.001945
    6416.418  0.9899527
    6416.440  1.002377
    6416.462  1.00369
    6416.484  1.001602
    6416.506  0.9980082
    6416.528  1.000999
    6416.550  1.001842
    6416.572  0.9993122
    6416.594  0.9950631
    6416.616  0.9964961
    6416.638  0.9891921
    6416.660  0.9941034
    6416.682  0.9959869
    6416.704  0.9823288
    6416.726  0.9674671
    6416.748  0.9559379
    6416.770  0.9446601
    6416.792  0.929161
    6416.814  0.9069659
    6416.836  0.8901179
    6416.858  0.8734562
    6416.881  0.8650648
    6416.903  0.8512117
    6416.925  0.8495146
    6416.947  0.8586383
    6416.969  0.8664797
    6416.991  0.8819392
    6417.013  0.9023297
    6417.035  0.920073
    6417.057  0.9239556
    6417.079  0.9473199
    6417.101  0.9698305
    6417.123  0.9854352
    6417.145  0.9920576
    6417.167  0.9927863
    6417.189  0.9952637
    6417.211  0.9942966
    6417.233  0.9886385
    6417.255  0.9985519
    6417.277  1.009037
    6417.299  1.008251
    6417.321  1.006417
    6417.343  1.007769
    6417.365  1.009591
    6417.387  1.00568
    6417.409  0.9966022
    6417.431  0.9935997
    6417.453  0.9970446
    6417.475  0.9916748
    6417.497  0.9863514
    6417.519  0.9829347
    6417.542  0.9814622
    6417.564  0.98929
    6417.586  0.9905581
    6417.608  0.9840924
    6417.630  0.9827517
    6417.652  0.9789912
    6417.674  0.9743619
    6417.696  0.9639739
    6417.718  0.9592659
    6417.740  0.9567978
    6417.762  0.9657903
    6417.784  0.9670753
    6417.806  0.9550447
    6417.828  0.9510744
    6417.850  0.949641
    6417.872  0.9377444
    6417.894  0.9453194
    6417.916  0.9453177
    6417.938  0.9495914
    6417.960  0.9565616
    6417.982  0.967517
    6418.004  0.9805283
    6418.026  0.9959397
    6418.048  0.9981871
    6418.070  0.99412
    6418.092  0.9932095
    6418.114  0.9951964
    6418.136  1.007374
    6418.158  1.01131
    6418.181  1.010638
    6418.203  1.004872
    6418.225  1.004669
    6418.247  1.013963
    6418.269  1.012307
    6418.291  1.011686
    6418.313  1.001833
    6418.335  0.9943364
    6418.357  0.9995208
    6418.379  0.9984752
    6418.401  1.000338
    6418.423  1.000129
    6418.445  0.9934452
    6418.467  0.9971888
    6418.489  1.014416
    6418.511  1.013227
    6418.533  1.005447
    6418.555  1.001508
    6418.577  0.993593
    6418.599  0.9922085
    6418.621  0.9905956
    6418.643  0.9824492
    6418.665  0.9756487
    6418.687  0.9814142
    6418.709  0.9891965
    6418.731  0.9903427
    6418.753  0.9904795
    6418.775  0.9926244
    6418.797  0.9931814
    6418.819  0.9901984
    6418.842  0.9963837
    6418.864  1.001723
    6418.886  0.9992706
    6418.908  1.001045
    6418.930  0.9994007
    6418.952  0.9961563
    6418.974  1.008289
    6418.996  1.0038
    6419.018  0.9941454
    6419.040  0.9969329
    6419.062  0.9999623
    6419.084  1.001229
    6419.106  1.003003
    6419.128  1.003029
    6419.150  1.003009
    6419.172  0.9991699
    6419.194  0.9966589
    6419.216  1.001416
    6419.238  1.00852
    6419.260  1.008322
    6419.282  0.9927198
    6419.304  1.001231
    6419.326  1.010019
    6419.348  1.006473
    6419.370  1.007034
    6419.392  1.01017
    6419.414  1.013629
    6419.436  1.008738
    6419.458  1.01149
    6419.481  1.019798
    6419.503  1.010381
    6419.525  1.001862
    6419.547  1.001288
    6419.569  0.9965405
    6419.591  0.9876523
    6419.613  0.9944825
    6419.635  0.9955865
    6419.657  0.9890043
    6419.679  0.9810267
    6419.701  0.9764259
    6419.723  0.9667454
    6419.745  0.9583724
    6419.767  0.9538422
    6419.789  0.940289
    6419.811  0.921526
    6419.833  0.9036015
    6419.855  0.8830748
    6419.877  0.8614545
    6419.899  0.8467126
    6419.921  0.843132
    6419.943  0.8383344
    6419.965  0.8351368
    6419.987  0.8499426
    6420.009  0.8672947
    6420.031  0.8892202
    6420.053  0.8968391
    6420.075  0.9165555
    6420.097  0.9443801
    6420.119  0.9640661
    6420.142  0.9688085
    6420.164  0.9676363
    6420.186  0.9779429
    6420.208  0.9835708
    6420.230  0.9827792
    6420.252  0.9907112
    6420.274  0.9921742
    6420.296  0.9996425
    6420.318  0.9972336
    6420.340  0.996984
    6420.362  0.994326
    6420.384  0.9972733
    6420.406  1.002057
    6420.428  1.002349
    6420.450  1.002269
    6420.472  1.001616
    6420.494  1.001256
    6420.516  0.9956225
    6420.538  0.9985151
    6420.560  0.9964462
    6420.582  0.9916974
    6420.604  0.9967508
    6420.626  0.994119
    6420.648  0.9930713
    6420.670  0.9946951
    6420.692  0.9995732
    6420.714  0.9948806
    6420.736  0.9885481
    6420.758  0.9899942
    6420.781  0.9765888
    6420.803  0.9503794
    6420.825  0.9403563
    6420.847  0.9313736
    6420.869  0.9209535
    6420.891  0.9084442
    6420.913  0.9054597
    6420.935  0.9117187
    6420.957  0.9229516
    6420.979  0.9396034
    6421.001  0.9550689
    6421.023  0.9597104
    6421.045  0.969076
    6421.067  0.96773
    6421.089  0.9811281
    6421.111  0.970526
    6421.133  0.9668671
    6421.155  0.9574849
    6421.177  0.9383259
    6421.199  0.9211506
    6421.221  0.9048868
    6421.243  0.8762047
    6421.265  0.8485858
    6421.287  0.8243255
    6421.309  0.8052254
    6421.331  0.7986721
    6421.353  0.7917153
    6421.375  0.792991
    6421.397  0.8105658
    6421.419  0.8384285
    6421.442  0.8661031
    6421.464  0.8917811
    6421.486  0.9065778
    6421.508  0.9245029
    6421.530  0.9490627
    6421.552  0.9553195
    6421.574  0.9619325
    6421.596  0.9761203
    6421.618  0.9848587
    6421.640  0.9889371
    6421.662  0.9946098
    6421.684  1.00443
    6421.706  1.014163
    6421.728  1.020281
    6421.750  1.009693
