    6700.820  0.9916123
    6700.843  0.9955208
    6700.866  1.005294
    6700.889  1.000066
    6700.912  0.9928211
    6700.935  0.9940189
    6700.959  0.9963611
    6700.982  0.9993249
    6701.005  1.001894
    6701.028  0.9985452
    6701.051  0.9955655
    6701.074  0.99648
    6701.097  0.9977232
    6701.120  1.005178
    6701.143  1.005283
    6701.166  1.002613
    6701.190  1.003763
    6701.213  0.9976771
    6701.236  1.001549
    6701.259  1.019329
    6701.282  1.014876
    6701.305  1.002166
    6701.328  0.9977558
    6701.351  1.002214
    6701.374  1.009624
    6701.397  1.004289
    6701.420  0.9888713
    6701.444  0.9910561
    6701.467  1.002143
    6701.490  1.005205
    6701.513  0.9958835
    6701.536  1.004413
    6701.559  1.010795
    6701.582  1.006675
    6701.605  1.004707
    6701.628  1.000034
    6701.651  0.9997671
    6701.675  0.9887331
    6701.698  0.9913393
    6701.721  0.98893
    6701.744  0.9976137
    6701.767  1.008722
    6701.790  1.011599
    6701.813  1.003762
    6701.836  0.9836221
    6701.859  0.9867723
    6701.882  0.9953691
    6701.905  0.9974363
    6701.929  0.9970365
    6701.952  1.007961
    6701.975  1.006815
    6701.998  0.9972407
    6702.021  0.9926569
    6702.044  0.9922951
    6702.067  1.00072
    6702.090  1.003917
    6702.113  1.000829
    6702.136  1.000976
    6702.159  1.002931
    6702.183  0.999391
    6702.206  0.9970198
    6702.229  0.9985548
    6702.252  0.993742
    6702.275  0.9979275
    6702.298  1.006361
    6702.321  1.000119
    6702.344  1.001546
    6702.367  0.9996409
    6702.390  1.0034
    6702.414  1.007318
    6702.437  1.000594
    6702.460  0.997217
    6702.483  1.000125
    6702.506  0.9969646
    6702.529  1.001351
    6702.552  1.00183
    6702.575  0.9981747
    6702.598  1.006881
    6702.621  1.009985
    6702.644  1.004035
    6702.668  0.9977993
    6702.691  1.004265
    6702.714  1.004713
    6702.737  0.9996955
    6702.760  1.008732
    6702.783  1.01116
    6702.806  1.00154
    6702.829  0.9952232
    6702.852  1.00437
    6702.875  1.005409
    6702.899  0.9968964
    6702.922  0.9945993
    6702.945  0.9917567
    6702.968  1.001465
    6702.991  1.005084
    6703.014  1.000363
    6703.037  1.002986
    6703.060  1.004322
    6703.083  0.9984595
    6703.106  1.004504
    6703.129  1.00863
    6703.153  1.016517
    6703.176  1.010135
    6703.199  0.9970866
    6703.222  0.9965442
    6703.245  0.9985341
    6703.268  0.99336
    6703.291  0.989664
    6703.314  1.002482
    6703.337  0.9959996
    6703.360  0.9940195
    6703.384  1.002926
    6703.407  0.9966272
    6703.430  1.000057
    6703.453  0.9956611
    6703.476  0.9866234
    6703.499  0.9910223
    6703.522  0.9862244
    6703.545  0.9705892
    6703.568  0.9656854
    6703.591  0.9673204
    6703.614  0.9720132
    6703.638  0.9765719
    6703.661  0.9739865
    6703.684  0.9731593
    6703.707  0.9861643
    6703.730  0.9909385
    6703.753  0.9976556
    6703.776  0.9962332
    6703.799  0.9882641
    6703.822  0.9927291
    6703.845  1.001836
    6703.868  1.010768
    6703.892  1.007776
    6703.915  1.011991
    6703.938  1.005456
    6703.961  1.003429
    6703.984  0.9992495
    6704.007  0.9973655
    6704.030  1.008396
    6704.053  0.9999219
    6704.076  0.9909336
    6704.099  0.9948706
    6704.123  1.010762
    6704.146  1.007391
    6704.169  0.9989724
    6704.192  0.9947771
    6704.215  0.9942886
    6704.238  1.006071
    6704.261  1.00973
    6704.284  0.9944539
    6704.307  0.9852671
    6704.330  0.9938515
    6704.353  0.9978291
    6704.377  0.9936365
    6704.400  0.9935318
    6704.423  0.9982055
    6704.446  0.994216
    6704.469  0.9920937
    6704.492  0.9936994
    6704.515  0.9836605
    6704.538  0.973308
    6704.561  0.9728737
    6704.584  0.9665986
    6704.608  0.9563556
    6704.631  0.9571354
    6704.654  0.9634182
    6704.677  0.9685141
    6704.700  0.9701379
    6704.723  0.9814456
    6704.746  0.9908507
    6704.769  0.9981741
    6704.792  1.001165
    6704.815  1.005494
    6704.838  1.000729
    6704.862  1.000169
    6704.885  0.9925338
    6704.908  0.9958808
    6704.931  1.001327
    6704.954  0.9906239
    6704.977  0.9916703
    6705.000  0.9881412
    6705.023  0.9680475
    6705.046  0.956039
    6705.069  0.9497669
    6705.093  0.9320655
    6705.116  0.9362563
    6705.139  0.936218
    6705.162  0.9372476
    6705.185  0.9423431
    6705.208  0.9529825
    6705.231  0.9645929
    6705.254  0.9672782
    6705.277  0.9676621
    6705.300  0.9868386
    6705.323  0.9989512
    6705.347  0.9876577
    6705.370  0.9951442
    6705.393  0.9881501
    6705.416  0.9887685
    6705.439  0.9976595
    6705.462  1.006922
    6705.485  1.00454
    6705.508  0.9911287
    6705.531  0.9912582
    6705.554  0.9975696
    6705.578  0.9994246
    6705.601  1.000247
    6705.624  1.001506
    6705.647  1.007203
    6705.670  0.9989961
    6705.693  0.998816
    6705.716  1.005312
    6705.739  0.9972227
    6705.762  0.9956037
    6705.785  1.00331
    6705.808  1.002928
    6705.832  1.002317
    6705.855  1.004721
    6705.878  1.001592
    6705.901  1.006531
    6705.924  1.009135
    6705.947  1.002713
    6705.970  1.007815
    6705.993  1.003995
    6706.016  0.9973733
    6706.039  0.988069
    6706.062  0.977863
    6706.086  0.9705498
    6706.109  0.967299
    6706.132  0.9654305
    6706.155  0.9619768
    6706.178  0.9588647
    6706.201  0.963384
    6706.224  0.9691597
    6706.247  0.979754
    6706.270  0.9991548
    6706.293  0.9990688
    6706.317  0.9952624
    6706.340  0.9912212
    6706.363  1.001699
    6706.386  1.011539
    6706.409  1.009661
    6706.432  1.001103
    6706.455  1.019116
    6706.478  1.026716
    6706.501  1.004225
    6706.524  0.9991555
    6706.547  1.011568
    6706.571  1.003921
    6706.594  1.003341
    6706.617  1.015151
    6706.640  1.009349
    6706.663  1.01211
    6706.686  1.011072
    6706.709  1.006059
    6706.732  1.007474
    6706.755  1.004834
    6706.778  1.00189
    6706.802  1.012109
    6706.825  1.018754
    6706.848  1.007264
    6706.871  1.009583
    6706.894  1.005498
    6706.917  1.001287
    6706.940  1.002505
    6706.963  1.009273
    6706.986  1.011293
    6707.009  0.9974092
    6707.032  0.9979249
    6707.056  1.009193
    6707.079  1.004165
    6707.102  1.005044
    6707.125  1.013842
    6707.148  1.012022
    6707.171  1.012721
    6707.194  1.01109
    6707.217  1.003226
    6707.240  1.001011
    6707.263  0.998095
    6707.287  0.9996017
    6707.310  1.008284
    6707.333  1.00141
    6707.356  0.9973109
    6707.379  1.003503
    6707.402  1.007638
    6707.425  0.9937972
    6707.448  0.9893119
    6707.471  1.003886
    6707.494  1.004219
    6707.517  1.003307
    6707.541  1.001221
    6707.564  0.9886017
    6707.587  0.967216
    6707.610  0.9659343
    6707.633  0.9571832
    6707.656  0.9468728
    6707.679  0.9234573
    6707.702  0.9185834
    6707.725  0.9066061
    6707.748  0.884019
    6707.772  0.8841578
    6707.795  0.8707786
    6707.818  0.8702163
    6707.841  0.8627058
    6707.864  0.8730677
    6707.887  0.8703097
    6707.910  0.8705711
    6707.933  0.8781859
    6707.956  0.8843912
    6707.979  0.8988248
    6708.002  0.9169849
    6708.026  0.9288852
    6708.049  0.9371179
    6708.072  0.9553337
    6708.095  0.9629374
    6708.118  0.9710802
    6708.141  0.9884942
    6708.164  0.9838684
    6708.187  0.9802587
    6708.210  0.9862483
    6708.233  0.9959818
    6708.256  0.9906244
    6708.280  0.9908454
    6708.303  0.9920297
    6708.326  0.9989905
    6708.349  0.9917927
    6708.372  0.9907334
    6708.395  0.9974505
    6708.418  0.9961031
    6708.441  0.9947799
    6708.464  1.003418
    6708.487  1.001233
    6708.511  0.9926327
    6708.534  0.9966198
    6708.557  0.9954962
    6708.580  0.9895906
    6708.603  0.9962531
    6708.626  0.9945483
    6708.649  0.980195
    6708.672  0.9759225
    6708.695  0.9654145
    6708.718  0.9548298
    6708.741  0.9475583
    6708.765  0.9301333
    6708.788  0.9191344
    6708.811  0.9121503
    6708.834  0.9150158
    6708.857  0.9202566
    6708.880  0.9241024
    6708.903  0.9295734
    6708.926  0.93226
    6708.949  0.9353032
    6708.972  0.9481453
    6708.996  0.9441869
    6709.019  0.9541011
    6709.042  0.9658696
    6709.065  0.9732561
    6709.088  0.9769049
    6709.111  0.9881408
    6709.134  0.9984422
    6709.157  0.9998511
    6709.180  1.008157
    6709.203  1.010602
    6709.226  1.010852
    6709.250  1.006252
    6709.273  1.008567
    6709.296  1.001323
    6709.319  1.003838
    6709.342  1.004969
    6709.365  1.001532
    6709.388  1.009782
    6709.411  1.012425
    6709.434  1.012821
    6709.457  1.002775
    6709.481  1.003245
    6709.504  1.000225
    6709.527  1.008803
    6709.550  1.013605
    6709.573  1.01463
    6709.596  1.011616
    6709.619  1.009466
    6709.642  1.001612
    6709.665  0.9918805
    6709.688  0.9945371
    6709.711  1.003517
    6709.735  1.006018
    6709.758  0.9966756
    6709.781  0.9953163
    6709.804  1.008511
    6709.827  1.007364
    6709.850  1.002131
    6709.873  0.9995422
    6709.896  0.9968299
    6709.919  0.9898315
    6709.942  0.9908568
    6709.965  0.9984713
    6709.989  1.001387
    6710.012  1.000764
    6710.035  0.9912232
    6710.058  0.9984592
    6710.081  1.00521
    6710.104  1.001961
    6710.127  1.013749
    6710.150  1.006746
    6710.173  1.002518
    6710.196  1.006813
    6710.220  1.000145
    6710.243  1.009455
    6710.266  0.9999763
    6710.289  0.9998026
    6710.312  1.00052
    6710.335  1.008683
    6710.358  0.9949935
    6710.381  0.996798
    6710.404  1.006693
    6710.427  0.9961662
    6710.450  0.9940476
    6710.474  1.006586
    6710.497  0.9924603
    6710.520  0.9855372
    6710.543  1.002602
    6710.566  1.005266
    6710.589  0.9891555
    6710.612  0.996888
    6710.635  1.009511
    6710.658  0.9986369
    6710.681  0.9911594
    6710.705  0.9965521
    6710.728  0.9991449
    6710.751  0.9986842
    6710.774  1.00655
    6710.797  1.006078
    6710.820  0.
