6380.74500000002  0.9258184
6380.7670319126  0.9245694
6380.78906382518  0.9327584
6380.81109573776  0.9368489
6380.83312765034  0.9457244
6380.85515956292  0.9555625
6380.8771914755  0.9580452
6380.89922338808  0.9756486
6380.92125530066  0.9864697
6380.94328721324  0.9875501
6380.96531912582  0.9877222
6380.9873510384  0.994251
6381.00938295098  0.9927396
6381.03141486356  0.9981126
6381.05344677614  0.9934798
6381.07547868872  0.9884715
6381.0975106013  0.9925369
6381.11954251388  0.9961745
6381.14157442646  1.00273
6381.16360633904  0.9937977
6381.18563825162  0.9962358
6381.2076701642  1.00023
6381.22970207678  0.9983134
6381.25173398936  1.001459
6381.27376590194  0.9966195
6381.29579781452  0.9971907
6381.3178297271  1.001128
6381.33986163968  0.9986033
6381.36189355226  1.005622
6381.38392546484  1.004366
6381.40595737742  0.9944756
6381.42798929  1.003665
6381.45002120258  0.9958309
6381.47205311516  0.9870563
6381.49408502774  0.998122
6381.51611694032  1.005305
6381.5381488529  1.001253
6381.56018076549  0.9853613
6381.58221267806  0.9878828
6381.60424459064  0.9744899
6381.62627650323  0.9580938
6381.6483084158  0.9540364
6381.67034032839  0.9528428
6381.69237224096  0.9456116
6381.71440415355  0.936689
6381.73643606612  0.9384825
6381.7584679787  0.949864
6381.78049989129  0.9656836
6381.80253180387  0.9663844
6381.82456371645  0.9684556
6381.84659562903  0.9830856
6381.86862754161  0.9873138
6381.89065945419  0.987973
6381.91269136677  0.9906573
6381.93472327935  0.9959375
6381.95675519193  0.997508
6381.97878710451  1.001074
6382.00081901709  0.9917165
6382.02285092967  0.9838748
6382.04488284225  0.9906623
6382.06691475483  0.9960834
6382.08894666741  0.99198
6382.11097857999  0.9948488
6382.13301049257  0.9996214
6382.15504240515  0.9963082
6382.17707431773  0.9973297
6382.19910623031  0.9979978
6382.22113814289  0.9946901
6382.24317005547  0.9975445
6382.26520196805  1.001265
6382.28723388063  0.999824
6382.30926579321  0.9947187
6382.33129770579  0.9923283
6382.35332961837  0.9984645
6382.37536153095  0.9974575
6382.39739344353  1.007715
6382.41942535611  1.00197
6382.44145726869  0.9905252
6382.46348918127  0.9964128
6382.48552109385  1.002403
6382.50755300643  1.005958
6382.52958491901  1.008558
6382.55161683159  1.007663
6382.57364874417  0.9992262
6382.59568065675  0.9992125
6382.61771256933  1.002727
6382.63974448191  1.003647
6382.66177639449  1.000148
6382.68380830707  0.9992239
6382.70584021965  1.001939
6382.72787213223  0.9964312
6382.74990404481  1.000962
6382.77193595739  1.004175
6382.79396786997  1.001878
6382.81599978255  1.010531
6382.83803169513  1.003751
6382.86006360771  1.000002
6382.88209552029  0.9918169
6382.90412743287  0.994164
6382.92615934545  1.001108
6382.94819125803  1.006304
6382.97022317061  1.005823
6382.99225508319  0.997848
6383.01428699577  0.9968702
6383.03631890835  0.9935192
6383.05835082093  0.9917012
6383.08038273351  0.9991582
6383.10241464609  1.003945
6383.12444655867  0.9976591
6383.14647847125  0.9983972
6383.16851038383  1.001381
6383.19054229641  0.9967629
6383.21257420899  0.9908729
6383.23460612157  0.9862517
6383.25663803415  0.9887069
6383.27866994674  0.9935408
6383.30070185931  0.9938903
6383.3227337719  0.9944633
6383.34476568448  0.9882792
6383.36679759706  0.9981284
6383.38882950963  1.000082
6383.41086142222  0.9968686
6383.4328933348  0.9939272
6383.45492524738  0.997395
6383.47695715996  1.000338
6383.49898907254  0.9923489
6383.52102098512  0.9910531
6383.5430528977  0.9911885
6383.56508481028  0.9938331
6383.58711672286  0.983624
6383.60914863544  0.9689764
6383.63118054802  0.9614252
6383.6532124606  0.9613577
6383.67524437318  0.9561468
6383.69727628576  0.965332
6383.71930819834  0.9664564
6383.74134011092  0.9600014
6383.7633720235  0.9643254
6383.78540393608  0.9633697
6383.80743584866  0.9628378
6383.82946776124  0.9762089
6383.85149967382  0.977498
6383.8735315864  0.988998
6383.89556349898  0.992771
6383.91759541156  0.9863892
6383.93962732414  0.9842972
6383.96165923672  0.9864466
6383.9836911493  0.9900049
6384.00572306188  0.9891899
6384.02775497446  0.9931044
6384.04978688704  0.9926778
6384.07181879962  0.9991395
6384.0938507122  1.006853
6384.11588262478  1.007201
6384.13791453736  1.007335
6384.15994644994  1.002697
6384.18197836252  1.000713
6384.2040102751  1.002959
6384.22604218768  1.001988
6384.24807410026  0.9967214
6384.27010601284  0.9996151
6384.29213792542  1.005475
6384.314169838  1.005082
6384.33620175058  1.001864
6384.35823366316  0.9978849
6384.38026557574  0.9970468
6384.40229748832  1.003972
6384.4243294009  1.005131
6384.44636131348  0.9998932
6384.46839322606  0.9899655
6384.49042513864  0.9943531
6384.51245705122  0.9984447
6384.5344889638  0.9901764
6384.55652087638  0.9792026
6384.57855278896  0.9769227
6384.60058470154  0.9619555
6384.62261661412  0.9583253
6384.6446485267  0.9657385
6384.66668043928  0.971271
6384.68871235186  0.9701359
6384.71074426444  0.9712005
6384.73277617702  0.9714837
6384.7548080896  0.9707919
6384.77684000219  0.9675533
6384.79887191476  0.9768997
6384.82090382734  0.9914948
6384.84293573992  0.9919593
6384.8649676525  0.9949465
6384.88699956509  0.9986566
6384.90903147766  0.9994531
6384.93106339025  1.002151
6384.95309530282  1.002097
6384.97512721541  1.000164
6384.99715912799  1.001687
6385.01919104056  0.9959041
6385.04122295314  0.993523
6385.06325486573  1.001299
6385.08528677831  1.008715
6385.10731869089  1.002135
6385.12935060347  1.002681
6385.15138251605  1.008568
6385.17341442863  1.004556
6385.19544634121  1.000268
6385.21747825379  1.002131
6385.23951016637  1.004419
6385.26154207895  0.9923347
6385.28357399153  0.9948813
6385.30560590411  0.9954717
6385.32763781669  0.9941319
6385.34966972927  0.9932006
6385.37170164185  0.9866364
6385.39373355443  0.9880459
6385.41576546701  0.9807771
6385.43779737959  0.9676071
6385.45982929217  0.9750694
6385.48186120475  0.9732513
6385.50389311733  0.968453
6385.52592502991  0.9693488
6385.54795694249  0.9695297
6385.56998885507  0.9683658
6385.59202076765  0.9684159
6385.61405268023  0.9643279
6385.63608459281  0.9563808
6385.65811650539  0.9566578
6385.68014841797  0.9654735
6385.70218033055  0.9679896
6385.72421224313  0.9681819
6385.74624415571  0.9738359
6385.76827606829  0.980239
6385.79030798087  0.9809005
6385.81233989345  0.9798777
6385.83437180603  0.98434
6385.85640371861  0.9875924
6385.87843563119  0.9915406
6385.90046754377  0.9975656
6385.92249945635  0.9975626
6385.94453136893  0.9950572
6385.96656328151  0.9949374
6385.98859519409  0.9976542
6386.01062710667  0.9965926
6386.03265901925  0.9992521
6386.05469093183  1.010819
6386.07672284441  1.004794
6386.09875475699  0.9985107
6386.12078666957  1.004552
6386.14281858215  1.004551
6386.16485049473  0.9989779
6386.18688240731  1.000518
6386.20891431989  1.007184
6386.23094623247  1.006206
6386.25297814505  1.002744
6386.27501005763  0.9960757
6386.29704197021  0.9953239
6386.31907388279  0.9987146
6386.34110579537  0.9975813
6386.36313770795  0.9930342
6386.38516962053  0.9930177
6386.40720153311  0.992224
6386.42923344569  0.9911722
6386.45126535827  0.9951503
6386.47329727085  0.9888484
6386.49532918343  0.9898086
6386.51736109601  0.9928458
6386.53939300859  0.9871152
6386.56142492117  0.9887437
6386.58345683376  0.9898549
6386.60548874633  0.9930307
6386.62752065892  0.9882632
6386.6495525715  0.9814891
6386.67158448408  0.980259
6386.69361639665  0.9786607
6386.71564830923  0.9847583
6386.73768022182  0.9918945
6386.7597121344  0.994931
6386.78174404698  1.001577
6386.80377595956  0.9981815
6386.82580787214  0.9955996
6386.84783978472  1.001375
6386.8698716973  0.9976202
6386.89190360988  1.000646
6386.91393552246  0.9948736
6386.93596743504  0.9916515
6386.95799934762  0.9968799
6386.9800312602  0.9946191
6387.00206317278  0.9945866
6387.02409508536  1.003311
6387.04612699794  1.006632
6387.06815891052  1.00272
6387.0901908231  1.007383
6387.11222273568  1.007575
6387.13425464826  1.012728
6387.15628656084  1.008572
6387.17831847342  1.000283
6387.200350386  0.997943
6387.22238229858  0.9962488
6387.24441421116  1.000861
6387.26644612374  1.012673
6387.28847803632  1.009639
6387.3105099489  1.006486
6387.33254186148  1.006659
6387.35457377406  1.012843
6387.37660568664  1.009658
6387.39863759922  1.004369
6387.4206695118  1.001094
6387.44270142438  0.9955652
6387.46473333696  0.996136
6387.48676524954  1.00002
6387.50879716212  1.004802
6387.5308290747  1.005112
6387.55286098728  0.9972652
6387.57489289986  1.006437
6387.59692481244  1.008065
6387.61895672502  1.008077
6387.6409886376  1.015226
6387.66302055018  1.009255
6387.68505246276  1.007712
6387.70708437534  1.005958
6387.72911628792  1.002903
6387.7511482005  1.000224
6387.77318011308  0.9988993
6387.79521202566  1.003685
6387.81724393824  1.009231
6387.83927585082  1.00489
6387.8613077634  1.007346
6387.88333967598  1.007394
6387.90537158856  1.009601
6387.92740350114  0.9991668
6387.94943541372  1.006995
6387.9714673263  1.014302
6387.99349923888  1.01047
6388.01553115146  1.007918
6388.03756306404  1.007496
6388.05959497662  1.005232
6388.0816268892  1.007037
6388.10365880178  1.004382
6388.12569071436  1.007517
6388.14772262694  1.012899
6388.16975453952  1.014122
6388.1917864521  1.012393
6388.21381836469  1.001497
6388.23585027726  0.9990844
6388.25788218984  1.001207
6388.27991410243  1.001059
6388.30194601501  0.9974765
6388.32397792759  0.9994133
6388.34600984016  0.9990514
6388.36804175275  1.002686
6388.39007366533  1.001856
6388.41210557791  1.003347
6388.43413749049  1.000201
6388.45616940307  0.9932048
6388.47820131565  0.9992034
6388.50023322823  0.999513
6388.52226514081  1.00616
6388.54429705339  1.002328
6388.56632896597  1.002086
6388.58836087855  1.003896
6388.61039279113  1.001016
6388.63242470371  1.002433
6388.65445661629  1.00452
6388.67648852887  1.002088
6388.69852044145  1.003823
6388.72055235403  1.000219
6388.74258426661  1.004843
6388.76461617919  1.000391
6388.78664809177  1.004123
6388.80868000435  1.008268
6388.83071191693  1.007335
6388.85274382951  1.000061
6388.87477574209  0.9964988
6388.89680765467  1.004274
6388.91883956725  1.003413
6388.94087147983  1.000721
6388.96290339241  0.9949871
6388.98493530499  1.001967
6389.00696721757  1.002684
6389.02899913015  0.9953693
6389.05103104273  0.9908431
6389.07306295531  0.9881679
6389.09509486789  0.9926694
6389.11712678047  0.9979205
6389.13915869305  0.9957762
6389.16119060563  0.9926816
6389.18322251821  1.001497
6389.20525443079  1.008992
6389.22728634337  1.008555
6389.24931825595  1.006475
6389.27135016853  1.001056
6389.29338208111  1.00287
6389.31541399369  1.009214
6389.33744590627  1.005645
6389.35947781885  0.9987261
6389.38150973143  1.004248
6389.40354164401  1.008887
6389.42557355659  1.008494
6389.44760546917  1.002668
6389.46963738175  0.9942445
6389.49166929433  0.9977691
6389.51370120691  1.002343
6389.53573311949  0.9973477
6389.55776503207  0.9897311
6389.57979694465  0.9949067
6389.60182885723  1.006003
6389.62386076981  1.00058
6389.64589268239  1.000147
6389.66792459497  0.9988384
6389.68995650755  0.987153
6389.71198842013  0.9922501
6389.73402033271  0.9989035
6389.75605224529  0.996169
6389.77808415787  1.000451
6389.80011607045  0.9984045
6389.82214798303  0.9920233
6389.84417989561  0.9929373
6389.86621180819  0.9965638
6389.88824372077  1.002197
6389.91027563335  1.003092
6389.93230754594  1.00139
6389.95433945852  0.9975243
6389.97637137109  0.9985256
6389.99840328367  0.9982949
6390.02043519625  0.9936251
6390.04246710884  0.9927449
6390.06449902142  0.9979134
6390.086530934  1.004762
6390.10856284658  1.000595
6390.13059475916  0.9888198
6390.15262667174  0.9942827
6390.17465858432  1.003938
6390.1966904969  1.010214
6390.21872240948  1.006357
6390.24075432206  1.004165
6390.26278623464  1.004169
6390.28481814722  1.005004
6390.3068500598  1.00854
6390.32888197238  1.005522
6390.35091388496  0.9911975
6390.37294579754  0.9923088
6390.39497771012  0.9945815
6390.4170096227  0.9969997
6390.43904153528  0.9911141
6390.46107344786  0.989464
6390.48310536044  0.9974286
6390.50513727302  1.002102
6390.5271691856  0.9920985
6390.54920109818  0.9887569
6390.57123301076  0.9942847
6390.59326492334  0.9931281
6390.61529683592  0.9943849
6390.6373287485  1.000961
6390.65936066108  1.007511
6390.68139257366  1.010015
6390.70342448624  1.004062
6390.72545639882  0.9960757
6390.7474883114  0.991355
6390.76952022398  1.000662
6390.79155213656  1.004001
6390.81358404914  0.9997118
6390.83561596172  1.004012
6390.8576478743  1.011486
6390.87967978688  1.007016
6390.90171169946  0.9993092
6390.92374361204  0.9975335
6390.94577552462  0.9990791
6390.9678074372  1.000121
6390.98983934978  0.9947885
6391.01187126236  0.9854056
6391.03390317494  1.003093
6391.05593508752  0.9987993
6391.0779670001  0.9951718
6391.09999891268  0.9984873
6391.12203082526  1.00296
6391.14406273784  1.001328
6391.16609465042  1.003674
6391.188126563  1.002978
6391.21015847558  1.002635
6391.23219038816  1.000478
6391.25422230074  1.000944
6391.27625421332  0.9936572
6391.2982861259  0.9949495
6391.32031803848  1.000916
6391.34234995106  1.001346
6391.36438186364  0.9932781
6391.38641377622  0.9860283
6391.4084456888  0.983048
6391.43047760138  0.9933653
6391.45250951396  0.9897953
6391.47454142654  0.9900845
6391.49657333912  0.9906451
6391.5186052517  0.9937336
6391.54063716428  1.006888
6391.56266907686  0.9979293
6391.58470098945  0.9955437
6391.60673290203  1.000205
6391.6287648146  1.004411
6391.65079672718  0.9894466
6391.67282863977  0.9977174
6391.69486055235  0.9955108
6391.71689246493  0.9983721
6391.7389243775  1.004597
6391.76095629009  0.999741
6391.78298820267  1.004939
6391.80502011525  1.00345
6391.82705202783  0.9946832
6391.84908394041  1.004215
6391.87111585299  0.9952608
6391.89314776557  0.9958697
6391.91517967815  1.000429
6391.93721159073  0.9988661
6391.95924350331  0.9984413
6391.98127541589  1.000665
6392.00330732847  1.006477
6392.02533924105  1.006125
6392.04737115363  1.007484
6392.06940306621  1.006024
6392.09143497879  1.000597
6392.11346689137  0.9984772
6392.13549880395  1.008325
6392.15753071653  1.008505
6392.17956262911  0.9944411
6392.20159454169  0.9927389
6392.22362645427  0.9974742
6392.24565836685  0.9912903
6392.26769027943  0.9971339
6392.28972219201  0.9979253
6392.31175410459  0.9966384
6392.33378601717  0.9950938
6392.35581792975  0.994341
6392.37784984233  0.9944989
6392.39988175491  0.996436
6392.42191366749  0.9966976
6392.44394558007  0.9866997
6392.46597749265  0.9910705
6392.48800940523  0.9987773
6392.51004131781  0.99348
6392.53207323039  0.9834548
6392.55410514297  0.9888052
6392.57613705555  0.994341
6392.59816896813  0.9926218
6392.62020088071  0.9982753
6392.64223279329  0.9951593
6392.66426470587  0.9888677
6392.68629661845  0.9947304
6392.70832853103  1.000219
6392.73036044361  0.9981698
6392.75239235619  0.9967346
6392.77442426877  1.001883
6392.79645618135  1.006906
6392.81848809393  1.005008
6392.84052000651  0.9949094
6392.86255191909  1.001387
6392.88458383167  1.005093
6392.90661574425  0.9957915
6392.92864765683  1.002434
6392.95067956941  0.9964999
6392.97271148199  0.9921108
6392.99474339457  0.9968903
6393.01677530715  0.9977828
6393.03880721973  1.001114
6393.06083913231  0.9975271
6393.08287104489  0.9894055
6393.10490295747  0.9900615
6393.12693487005  0.994368
6393.14896678263  1.002115
6393.17099869521  1.004043
6393.19303060779  0.9920045
6393.21506252037  0.9814373
6393.23709443296  0.981403
6393.25912634553  0.9952438
6393.28115825811  0.9916528
6393.30319017069  0.9884747
6393.32522208328  0.9857642
6393.34725399586  0.9731182
6393.36928590844  0.969835
6393.39131782102  0.9534401
6393.4133497336  0.9291863
6393.43538164618  0.9154133
6393.45741355876  0.8974936
6393.47944547134  0.8682835
6393.50147738392  0.8366706
6393.5235092965  0.8030278
6393.54554120908  0.7759793
6393.56757312166  0.7635391
6393.58960503424  0.7462969
6393.61163694682  0.742612
6393.6336688594  0.7528842
6393.65570077198  0.7730072
6393.67773268456  0.8006402
6393.69976459714  0.8313413
6393.72179650972  0.8521418
6393.7438284223  0.8850022
6393.76586033488  0.9116102
6393.78789224746  0.9378545
6393.80992416004  0.9473948
6393.83195607262  0.952628
6393.8539879852  0.952746
6393.87601989778  0.9660979
6393.89805181036  0.9713359
6393.92008372294  0.9782271
6393.94211563552  0.9808668
6393.9641475481  0.9879609
6393.98617946068  0.990045
6394.00821137326  0.988046
6394.03024328584  0.9897829
6394.05227519842  0.9907955
6394.074307111  0.9973109
6394.09633902358  1.000314
6394.11837093616  0.9918554
6394.14040284874  0.9855804
6394.16243476132  0.9881092
6394.1844666739  0.9806961
6394.20649858648  0.9811672
6394.22853049906  0.9881893
6394.25056241164  0.990891
6394.27259432422  0.9936425
6394.2946262368  0.9823786
6394.31665814938  0.9792789
6394.33869006196  0.9771135
6394.36072197454  0.9788745
6394.38275388712  0.9765992
6394.4047857997  0.9675568
6394.42681771228  0.9546683
6394.44884962486  0.9434686
6394.47088153744  0.9343142
6394.49291345002  0.9145793
6394.5149453626  0.8973497
6394.53697727518  0.8764273
6394.55900918776  0.8595488
6394.58104110034  0.8655511
6394.60307301292  0.8753982
6394.6251049255  0.8827778
6394.64713683808  0.9021636
6394.66916875066  0.9165594
6394.69120066324  0.9284686
6394.71323257582  0.9422712
6394.7352644884  0.9587231
6394.75729640098  0.9720504
6394.77932831356  0.9786952
6394.80136022615  0.9898188
6394.82339213873  0.991408
6394.8454240513  0.9885998
6394.86745596388  0.9897746
6394.88948787647  0.9821737
6394.91151978904  0.9924566
6394.93355170163  0.9968052
6394.9555836142  0.9912199
6394.97761552679  0.9858968
6394.99964743936  0.9866436
6395.02167935195  0.9837929
6395.04371126453  0.9854069
6395.0657431771  0.9873155
6395.08777508969  0.9867036
6395.10980700227  0.9831394
6395.13183891485  0.9809016
6395.15387082743  0.9818103
6395.17590274001  0.9828
6395.19793465259  0.9850405
6395.21996656517  0.9868462
6395.24199847775  0.9846986
6395.26403039033  0.9808146
6395.28606230291  0.9876063
6395.30809421549  0.9872981
6395.33012612807  0.9879536
6395.35215804065  0.9912524
6395.37418995323  0.984054
6395.39622186581  0.9840451
6395.41825377839  0.9942542
6395.44028569097  0.991953
6395.46231760355  0.9846798
6395.48434951613  0.9863783
6395.50638142871  0.9880263
6395.52841334129  0.9902149
6395.55044525387  0.996206
6395.57247716645  1.007321
6395.59450907903  1.012324
6395.61654099161  1.005215
6395.63857290419  0.9944468
6395.66060481677  1.002005
6395.68263672935  1.011051
6395.70466864193  1.005382
6395.72670055451  1.003147
6395.74873246709  1.006929
6395.77076437967  1.003947
6395.79279629225  0.9996554
6395.81482820483  1.003171
6395.83686011741  1.002025
6395.85889202999  0.9930061
6395.88092394257  0.9939409
6395.90295585515  1.001055
6395.92498776773  1.002336
6395.94701968031  0.9984616
6395.96905159289  0.9954533
6395.99108350547  0.9963981
6396.01311541805  0.9941639
6396.03514733063  0.9941064
6396.05717924321  0.9923248
6396.07921115579  0.9885996
6396.10124306837  0.9861805
6396.12327498095  0.9905055
6396.14530689353  1.000019
6396.16733880611  0.9948916
6396.18937071869  0.9842593
6396.21140263127  0.9875427
6396.23343454385  0.9978204
6396.25546645643  0.9967152
6396.27749836901  1.001197
6396.29953028159  0.9946318
6396.32156219417  0.9881241
6396.34359410675  0.9967542
6396.36562601933  0.9961327
6396.38765793191  0.9938208
6396.40968984449  0.9981115
6396.43172175707  0.9945279
6396.45375366965  0.9906425
6396.47578558223  0.9955764
6396.49781749481  0.9946056
6396.51984940739  0.9995512
6396.54188131998  0.9974031
6396.56391323255  0.9882838
6396.58594514513  0.9967661
6396.60797705771  1.004379
6396.6300089703  0.9933135
6396.65204088288  0.9879158
6396.67407279546  0.9941224
6396.69610470804  0.9998257
6396.71813662062  0.9949391
6396.7401685332  0.9967829
6396.76220044578  0.9949172
6396.78423235836  0.9975001
6396.80626427094  1.004135
6396.82829618352  1.000784
6396.8503280961  0.998176
6396.87236000868  0.9951365
6396.89439192126  1.003213
6396.91642383384  0.9998988
6396.93845574642  0.9950566
6396.960487659  1.004019
6396.98251957158  1.007496
6397.00455148416  1.007042
6397.02658339674  1.004972
6397.04861530932  1.002348
6397.0706472219  1.003093
6397.09267913448  1.005605
6397.11471104706  0.9986303
6397.13674295964  0.9991223
6397.15877487222  1.006502
6397.1808067848  1.003184
6397.20283869738  0.9964037
6397.22487060996  1.004006
6397.24690252254  1.002629
6397.26893443512  0.9935856
6397.2909663477  0.9960563
6397.31299826028  0.9961842
6397.33503017286  0.9982874
6397.35706208544  1.001737
6397.37909399802  1.000564
6397.4011259106  0.9919912
6397.42315782318  0.9935535
6397.44518973576  1.001827
6397.46722164834  0.9934086
6397.48925356092  0.9991275
6397.5112854735  1.004893
6397.53331738608  1.000772
6397.55534929866  0.997596
6397.57738121124  0.9959077
6397.59941312382  0.9860252
6397.6214450364  0.9854073
6397.64347694898  0.9941341
6397.66550886156  0.9905326
6397.68754077414  0.9911807
6397.70957268672  0.9932781
6397.7316045993  0.9890222
6397.75363651188  0.9905071
6397.77566842446  1.001945
6397.79770033704  1.002439
6397.81973224962  0.9923456
6397.8417641622  0.9913785
6397.86379607478  0.9950394
6397.88582798736  0.9923736
6397.90785989994  0.9859289
6397.92989181252  0.9944521
6397.9519237251  0.9939915
6397.97395563768  0.9864212
6397.99598755026  0.9861514
6398.01801946284  0.9830771
6398.04005137542  0.9899642
6398.062083288  0.996528
6398.08411520058  0.9907043
6398.10614711316  0.9865192
6398.12817902574  0.9892634
6398.15021093832  0.9866908
6398.1722428509  0.9873872
6398.19427476349  0.995597
6398.21630667606  0.9935734
6398.23833858864  0.9925627
6398.26037050123  0.9997616
6398.2824024138  1.004651
6398.30443432639  0.9900407
6398.32646623897  0.9867589
6398.34849815155  1.00105
6398.37053006413  1.00979
6398.3925619767  1.004854
6398.41459388929  0.9876448
6398.43662580187  0.9958826
6398.45865771445  1.003027
6398.48068962703  1.000157
6398.50272153961  0.998622
6398.52475345219  0.9983452
6398.54678536477  1.001308
6398.56881727735  0.9985385
6398.59084918993  0.9902552
6398.61288110251  0.9940834
6398.63491301509  0.9971989
6398.65694492767  0.9976836
6398.67897684025  0.994834
6398.70100875283  0.9936646
6398.72304066541  0.9919176
6398.74507257799  1.002062
6398.76710449057  1.006867
6398.78913640315  1.007404
6398.81116831573  1.001662
6398.83320022831  0.9934402
6398.85523214089  0.9961473
6398.87726405347  0.9984962
6398.89929596605  0.9942767
6398.92132787863  1.002519
6398.94335979121  0.9910856
6398.96539170379  0.9912483
6398.98742361637  0.9936966
6399.00945552895  0.9929178
6399.03148744153  1.002454
6399.05351935411  0.9994091
6399.07555126669  0.9957638
6399.09758317927  0.9990376
6399.11961509185  1.005096
6399.14164700443  1.002642
6399.16367891701  1.000291
6399.18571082959  0.9999717
6399.20774274217  1.006296
6399.22977465475  0.9940302
6399.25180656733  0.9999106
6399.27383847991  1.006423
6399.29587039249  0.9981663
6399.31790230507  0.9909644
6399.33993421765  0.9902813
6399.36196613023  0.9901893
6399.38399804281  0.9949678
6399.40602995539  1.000756
6399.42806186797  0.995813
6399.45009378055  0.9956946
6399.47212569313  0.9942927
6399.49415760571  0.9917435
6399.51618951829  0.9967347
6399.53822143087  0.9953818
6399.56025334345  0.9890464
6399.58228525603  0.9877086
6399.60431716861  0.9870889
6399.62634908119  0.9966471
6399.64838099377  0.9908975
6399.67041290635  0.9798452
6399.69244481893  0.978932
6399.71447673151  0.9802558
6399.73650864409  0.9735864
6399.75854055667  0.9656679
6399.78057246925  0.9557222
6399.80260438183  0.938127
6399.82463629441  0.9170024
6399.846668207  0.8977037
6399.86870011957  0.8714591
6399.89073203215  0.8353181
6399.91276394473  0.8039359
6399.93479585731  0.7827451
6399.9568277699  0.7524834
6399.97885968248  0.742622
6400.00089159506  0.7344457
6400.02292350764  0.7346708
6400.04495542022  0.7423904
6400.0669873328  0.7670498
6400.08901924538  0.7988294
6400.11105115796  0.8287612
6400.13308307054  0.8558705
6400.15511498312  0.8777377
6400.1771468957  0.8922846
6400.19917880828  0.9066967
6400.22121072086  0.9228499
6400.24324263344  0.9298632
6400.26527454602  0.9273518
6400.2873064586  0.9372221
6400.30933837118  0.9434235
6400.33137028376  0.9423248
6400.35340219634  0.9503309
6400.37543410892  0.955021
6400.3974660215  0.965067
6400.41949793408  0.9647461
6400.44152984666  0.9743461
6400.46356175924  0.989028
6400.48559367182  0.986833
6400.5076255844  0.986237
6400.52965749698  0.9850928
6400.55168940956  0.9869609
6400.57372132214  0.9918506
6400.59575323472  0.9907025
6400.6177851473  0.9927059
6400.63981705988  0.9895771
6400.66184897246  0.9845895
6400.68388088504  0.9787469
6400.70591279762  0.9825074
6400.7279447102  0.9804635
6400.74997662278  0.9691225
6400.77200853536  0.9658687
6400.79404044794  0.9540203
6400.81607236052  0.9414052
6400.8381042731  0.9382477
6400.86013618568  0.9238409
6400.88216809826  0.9012574
6400.90420001084  0.8859369
6400.92623192342  0.878702
6400.948263836  0.8694306
6400.97029574858  0.8653291
6400.99232766116  0.8626618
6401.01435957374  0.8712557
6401.03639148632  0.8826305
6401.0584233989  0.889442
6401.08045531148  0.909826
6401.10248722406  0.9285347
6401.12451913664  0.9334517
6401.14655104922  0.934908
6401.1685829618  0.9442611
6401.19061487438  0.9478512
6401.21264678696  0.934929
6401.23467869954  0.9367149
6401.25671061212  0.9333097
6401.2787425247  0.936518
6401.30077443728  0.9379908
6401.32280634986  0.9418586
6401.34483826244  0.9488565
6401.36687017502  0.9511273
6401.3889020876  0.9600793
6401.41093400019  0.9728967
6401.43296591276  0.9787861
6401.45499782534  0.9860431
6401.47702973792  0.9976623
6401.4990616505  1.002995
6401.52109356309  0.9923796
6401.54312547566  0.9960547
6401.56515738824  0.9962063
6401.58718930082  0.9910476
6401.60922121341  0.9986605
6401.63125312598  0.9996068
6401.65328503857  1.00056
6401.67531695114  1.001356
6401.69734886373  0.9990521
6401.71938077631  1.002943
6401.74141268889  1.000666
6401.76344460147  1.002262
6401.78547651405  1.007543
6401.80750842663  1.004111
6401.82954033921  1.008315
6401.85157225179  1.005743
6401.87360416437  0.9986624
6401.89563607695  1.004292
6401.91766798953  1.005323
6401.93969990211  0.9992915
6401.96173181469  1.000301
6401.98376372727  1.002174
6402.00579563985  0.9931947
6402.02782755243  0.9961669
6402.04985946501  1.006103
6402.07189137759  1.001179
6402.09392329017  0.9978844
6402.11595520275  1.002341
6402.13798711533  1.001132
6402.16001902791  1.005142
6402.18205094049  1.005592
6402.20408285307  0.9991553
6402.22611476565  1.000485
6402.24814667823  1.002984
6402.27017859081  0.9995188
6402.29221050339  1.00666
6402.31424241597  1.002417
6402.33627432855  0.9957116
6402.35830624113  0.9989029
6402.38033815371  1.006443
6402.40237006629  0.9997808
6402.42440197887  1.001773
6402.44643389145  1.003323
6402.46846580403  1.004329
6402.49049771661  1.011019
6402.51252962919  1.013592
6402.53456154177  1.004815
6402.55659345435  1.005274
6402.57862536693  1.002539
6402.60065727951  0.9968767
6402.62268919209  0.9974792
6402.64472110467  0.9997504
6402.66675301725  1.001421
6402.68878492983  1.001878
6402.71081684241  0.9984338
6402.73284875499  0.9991952
6402.75488066757  0.9944834
6402.77691258015  0.9885662
6402.79894449273  0.9964727
6402.82097640531  0.9960038
6402.84300831789  1.015378
6402.86504023047  1.01689
6402.88707214305  1.009444
6402.90910405563  0.9990938
6402.93113596821  0.999817
6402.95316788079  1.003535
6402.97519979337  1.006976
6402.99723170595  1.008364
6403.01926361853  1.005816
6403.04129553111  0.9982344
6403.0633274437  0.9961644
6403.08535935627  1.004244
6403.10739126885  1.007741
6403.12942318143  1.003189
6403.15145509401  1.004976
6403.1734870066  1.005021
6403.19551891917  1.004002
6403.21755083175  1.008
6403.23958274433  1.009364
6403.26161465692  1.008743
6403.2836465695  1.006971
6403.30567848207  1.006797
6403.32771039465  1.005425
6403.34974230724  1.008961
6403.37177421982  1.008339
6403.3938061324  1.003989
6403.41583804498  0.9990847
6403.43786995756  0.9940882
6403.45990187014  1.001023
6403.48193378272  1.012884
6403.5039656953  1.010099
6403.52599760788  0.9995697
6403.54802952046  0.99851
6403.57006143304  1.006998
6403.59209334562  1.009166
6403.6141252582  0.992999
6403.63615717078  0.9967362
6403.65818908336  0.9958216
6403.68022099594  0.9960134
6403.70225290852  1.001953
6403.7242848211  1.004677
6403.74631673368  1.005814
6403.76834864626  0.9983302
6403.79038055884  1.001716
6403.81241247142  1.001341
6403.834444384  0.9920479
6403.85647629658  0.9886972
6403.87850820916  0.9988661
6403.90054012174  1.009945
6403.92257203432  1.003998
6403.9446039469  1.0104
6403.96663585948  1.011165
6403.98866777206  1.003957
6404.01069968464  1.000461
6404.03273159722  1.008823
6404.0547635098  1.007511
6404.07679542238  1.003815
6404.09882733496  1.006749
6404.12085924754  1.009501
6404.14289116012  1.010577
6404.1649230727  1.004738
6404.18695498528  1.002014
6404.20898689786  1.004547
6404.23101881044  1.007551
6404.25305072302  1.004543
6404.2750826356  0.9981373
6404.29711454818  0.9991454
6404.31914646076  1.004025
6404.34117837334  1.00659
6404.36321028592  1.003898
6404.3852421985  1.003134
6404.40727411108  1.001955
6404.42930602366  1.006971
6404.45133793624  1.002517
6404.47336984882  0.994042
6404.4954017614  0.9979582
6404.51743367398  1.004449
6404.53946558656  1.009267
6404.56149749914  1.004731
6404.58352941172  0.9980249
6404.6055613243  1.002507
6404.62759323688  0.9972188
6404.64962514946  0.9949751
6404.67165706204  1.01433
6404.69368897462  1.014256
6404.7157208872  1.005991
6404.73775279978  0.9999225
6404.75978471236  1.000729
6404.78181662494  1.008603
6404.80384853752  1.006255
6404.8258804501  1.000413
6404.84791236268  1.010454
6404.86994427527  1.014176
6404.89197618784  1.003003
6404.91400810043  1.001008
6404.936040013  1.006414
6404.95807192558  1.004846
6404.98010383817  0.998957
6405.00213575075  1.002675
6405.02416766333  0.9984401
6405.04619957591  0.9966723
6405.06823148849  1.006583
6405.09026340107  1.007003
6405.11229531365  1.005797
6405.13432722623  1.011396
6405.15635913881  1.005356
6405.17839105139  1.001043
6405.20042296397  1.008804
6405.22245487655  1.004017
6405.24448678913  0.9956862
6405.26651870171  0.9960549
6405.28855061429  0.9977456
6405.31058252687  0.9944967
6405.33261443945  0.9932322
6405.35464635203  1.003462
6405.37667826461  1.00577
6405.39871017719  0.9893265
6405.42074208977  0.9896789
6405.44277400235  0.9959456
6405.46480591493  0.9900827
6405.48683782751  0.9881301
6405.50886974009  0.9853361
6405.53090165267  0.9987183
6405.55293356525  1.000272
6405.57496547783  0.9939587
6405.59699739041  0.9908941
6405.61902930299  0.9910619
6405.64106121557  0.98547
6405.66309312815  0.9880585
6405.68512504073  0.9971004
6405.70715695331  0.9869146
6405.72918886589  0.9807793
6405.75122077847  0.9834874
6405.77325269105  0.987745
6405.79528460363  0.9868977
6405.81731651621  0.9908368
6405.83934842879  0.9912376
6405.86138034137  0.9914238
6405.88341225395  0.9878803
6405.90544416653  0.9879105
6405.92747607911  0.9880602
6405.94950799169  0.9964266
6405.97153990427  1.003258
6405.99357181685  1.004323
6406.01560372943  1.002935
6406.03763564201  0.9984013
6406.05966755459  1.002999
6406.08169946717  1.006496
6406.10373137975  1.005215
6406.12576329233  1.011327
6406.14779520491  1.007804
6406.16982711749  1.003434
6406.19185903007  1.001681
6406.21389094265  1.002889
6406.23592285523  1.003695
6406.25795476781  0.999683
6406.27998668039  1.001011
6406.30201859297  1.009958
6406.32405050555  1.005478
6406.34608241813  1.006682
6406.36811433071  1.004998
6406.39014624329  1.006685
6406.41217815587  1.005841
6406.43421006845  0.9987471
6406.45624198104  0.9955422
6406.47827389361  0.998503
6406.50030580619  1.003221
6406.52233771877  1.003835
6406.54436963135  0.9979881
6406.56640154394  0.9961641
6406.58843345652  0.9951777
6406.61046536909  0.9977355
6406.63249728167  0.9935161
6406.65452919425  0.991705
6406.67656110684  0.9956397
6406.69859301942  0.996859
6406.720624932  0.9886031
6406.74265684458  0.985432
6406.76468875716  0.984948
6406.78672066974  0.9925436
6406.80875258232  0.9922006
6406.8307844949  0.9990518
6406.85281640748  1.00217
6406.87484832006  0.998649
6406.89688023264  0.9949399
6406.91891214522  0.9952742
6406.9409440578  0.994557
6406.96297597038  0.9916121
6406.98500788296  0.9869465
6407.00703979554  0.9888472
6407.02907170812  0.9883152
6407.0511036207  0.989049
6407.07313553328  0.9800515
6407.09516744586  0.9686208
6407.11719935844  0.9605311
6407.13923127102  0.9632126
6407.1612631836  0.962322
6407.18329509618  0.9438861
6407.20532700876  0.9368743
6407.22735892134  0.9362492
6407.24939083392  0.9330142
6407.2714227465  0.9342356
6407.29345465908  0.9394338
6407.31548657166  0.9436762
6407.33751848424  0.9432688
6407.35955039682  0.9479024
6407.3815823094  0.9520947
6407.40361422198  0.9670038
6407.42564613456  0.9765747
6407.44767804714  0.9708688
6407.46970995972  0.9755788
6407.4917418723  0.9912443
6407.51377378488  0.9886367
6407.53580569746  0.9924926
6407.55783761004  0.9979064
6407.57986952262  0.9978528
6407.6019014352  0.9989678
6407.62393334778  0.9993385
6407.64596526036  0.9939976
6407.66799717294  0.9959267
6407.69002908552  0.9931025
6407.7120609981  0.9814136
6407.73409291068  0.9876219
6407.75612482326  0.9819523
6407.77815673584  0.9815609
6407.80018864842  0.982047
6407.822220561  0.9592363
6407.84425247358  0.9457455
6407.86628438616  0.9376723
6407.88831629874  0.921661
6407.91034821132  0.9003751
6407.9323801239  0.8752897
6407.95441203648  0.8605467
6407.97644394906  0.8414017
6407.99847586164  0.8249691
6408.02050777422  0.8142924
6408.0425396868  0.8173789
6408.06457159938  0.8384067
6408.08660351196  0.8426136
6408.10863542454  0.8579919
6408.13066733712  0.8816679
6408.1526992497  0.893369
6408.17473116228  0.9111723
6408.19676307486  0.9299439
6408.21879498745  0.9359662
6408.24082690003  0.9429557
6408.2628588126  0.9551719
6408.28489072518  0.9626259
6408.30692263777  0.9578527
6408.32895455034  0.9673256
6408.35098646293  0.976293
6408.37301837551  0.9849427
6408.39505028809  0.9805434
6408.41708220067  0.9868993
6408.43911411325  0.9947583
6408.46114602583  0.9862545
6408.48317793841  0.9880985
6408.50520985099  0.9961848
6408.52724176357  0.9906825
6408.54927367615  0.9809187
6408.57130558873  0.9843346
6408.59333750131  0.981571
6408.61536941389  0.982562
6408.63740132647  0.9872509
6408.65943323905  0.9892173
6408.68146515163  0.9874489
6408.70349706421  0.9842581
6408.72552897679  0.9871238
6408.74756088937  0.9911932
6408.76959280195  0.9833042
6408.79162471453  0.9782991
6408.81365662711  0.9861422
6408.83568853969  0.9820058
6408.85772045227  0.9664707
6408.87975236485  0.9387093
6408.90178427743  0.9163022
6408.92381619001  0.9054396
6408.94584810259  0.8962534
6408.96788001517  0.8920687
6408.98991192775  0.8939134
6409.01194384033  0.9012607
6409.03397575291  0.9138596
6409.05600766549  0.9227262
6409.07803957807  0.94508
6409.10007149065  0.9580498
6409.12210340323  0.9734445
6409.14413531581  0.9783475
6409.16616722839  0.9822443
6409.18819914097  0.9833265
6409.21023105355  0.9784853
6409.23226296613  0.9913019
6409.25429487871  0.9994912
6409.27632679129  0.9974121
6409.29835870387  0.9952254
6409.32039061645  0.9973482
6409.34242252903  0.9922966
6409.36445444161  0.9883364
6409.38648635419  0.9909711
6409.40851826677  1.002831
6409.43055017935  0.9979542
6409.45258209193  0.9897705
6409.47461400451  0.9969797
6409.49664591709  0.9955039
6409.51867782967  0.9938433
6409.54070974225  0.9960999
6409.56274165483  0.9911702
6409.58477356741  0.9891857
6409.60680547999  0.9978666
6409.62883739257  1.002685
6409.65086930515  0.9978319
6409.67290121773  0.9942954
6409.69493313031  0.9902911
6409.71696504289  0.9985508
6409.73899695547  1.011499
6409.76102886805  1.00377
6409.78306078064  0.9968148
6409.80509269321  0.9975877
6409.82712460579  0.9935257
6409.84915651837  1.007694
6409.87118843096  1.003994
6409.89322034354  0.993773
6409.91525225611  1.004919
6409.93728416869  1.009461
6409.95931608128  1.003399
6409.98134799385  0.9977003
6410.00337990644  1.000005
6410.02541181902  1.01201
6410.0474437316  1.003956
6410.06947564418  1.003875
6410.09150755676  1.009528
6410.11353946934  1.003523
6410.13557138192  1.002789
6410.1576032945  1.005938
6410.17963520708  1.005731
6410.20166711966  1.009939
6410.22369903224  1.007257
6410.24573094482  1.008317
6410.2677628574  1.010023
6410.28979476998  1.008921
6410.31182668256  1.006898
6410.33385859514  0.9985695
6410.35589050772  0.9985768
6410.3779224203  1.004651
6410.39995433288  1.008564
6410.42198624546  1.009865
6410.44401815804  1.012031
6410.46605007062  1.016262
6410.4880819832  1.009415
6410.51011389578  1.00339
6410.53214580836  1.006183
6410.55417772094  1.012406
6410.57620963352  1.018196
6410.5982415461  1.00605
6410.62027345868  1.009156
6410.64230537126  1.005407
6410.66433728384  1.003022
6410.68636919642  1.00895
6410.708401109  1.005201
6410.73043302158  1.005494
6410.75246493416  1.002734
6410.77449684674  1.003314
6410.79652875932  1.001028
6410.8185606719  1.005867
6410.84059258448  1.008754
6410.86262449706  1.002975
6410.88465640964  0.9998753
6410.90668832222  0.9946544
6410.9287202348  0.9940296
6410.95075214738  0.9889417
6410.97278405996  0.9813305
6410.99481597254  0.9914029
6411.01684788512  0.9924586
6411.0388797977  0.990292
6411.06091171028  0.9876562
6411.08294362286  0.9945895
6411.10497553544  0.9992352
6411.12700744802  0.99813
6411.1490393606  0.9994306
6411.17107127318  1.006233
6411.19310318576  1.005338
6411.21513509834  0.9966758
6411.23716701092  0.9969926
6411.2591989235  1.003386
6411.28123083608  1.002822
6411.30326274866  1.001298
6411.32529466124  0.9968088
6411.34732657382  0.9925892
6411.3693584864  0.9907824
6411.39139039898  0.9918266
6411.41342231156  0.9831429
6411.43545422415  0.9689677
6411.45748613672  0.9532424
6411.4795180493  0.9306827
6411.50154996188  0.9048142
6411.52358187447  0.877239
6411.54561378704  0.8568379
6411.56764569962  0.829821
6411.5896776122  0.8074446
6411.61170952479  0.7834101
6411.63374143737  0.7774266
6411.65577334994  0.7777036
6411.67780526253  0.7781085
6411.69983717511  0.8015118
6411.72186908769  0.8218367
6411.74390100027  0.8436263
6411.76593291285  0.881215
6411.78796482543  0.9044122
6411.80999673801  0.919645
6411.83202865058  0.9331822
6411.85406056317  0.9509242
6411.87609247575  0.9660201
6411.89812438833  0.9742748
6411.92015630091  0.9791057
6411.94218821349  0.9866133
6411.96422012607  0.9917886
6411.98625203865  0.9887581
6412.00828395123  0.9927188
6412.03031586381  0.999346
6412.05234777639  1.000513
6412.07437968897  0.9910358
6412.09641160155  0.9890891
6412.11844351413  0.9989426
6412.14047542671  0.9995728
6412.16250733929  0.9954592
6412.18453925187  0.998357
6412.20657116445  0.9992536
6412.22860307703  0.9983274
6412.25063498961  1.001622
6412.27266690219  0.9972017
6412.29469881477  0.9898754
6412.31673072735  0.9925529
6412.33876263993  0.9981143
6412.36079455251  0.9938775
6412.38282646509  0.9873788
6412.40485837767  0.9844589
6412.42689029025  0.9735113
6412.44892220283  0.9635955
6412.47095411541  0.9493006
6412.49298602799  0.9371048
6412.51501794057  0.9302793
6412.53704985315  0.9149655
6412.55908176573  0.899719
6412.58111367831  0.8855531
6412.60314559089  0.8797284
6412.62517750347  0.8750392
6412.64720941605  0.8798638
6412.66924132863  0.8995603
6412.69127324121  0.911388
6412.71330515379  0.9316553
6412.73533706637  0.9470052
6412.75736897895  0.9592343
6412.77940089153  0.9775805
6412.80143280411  0.978735
6412.82346471669  0.9712032
6412.84549662927  0.9796625
6412.86752854185  0.9913639
6412.88956045443  1.001788
6412.91159236701  1.001792
6412.93362427959  0.9993365
6412.95565619217  1.001733
6412.97768810475  1.001989
6412.99972001733  1.003442
6413.02175192991  1.00234
6413.04378384249  0.9971908
6413.06581575507  0.9943067
6413.08784766765  0.9944267
6413.10987958023  1.003104
6413.13191149281  1.010418
6413.15394340539  1.007264
6413.17597531798  1.00445
6413.19800723055  1.006202
6413.22003914313  1.005804
6413.24207105571  1.006442
6413.2641029683  1.002571
6413.28613488088  1.00028
6413.30816679345  1.004645
6413.33019870604  1.008121
6413.35223061862  1.005681
6413.3742625312  1.007014
6413.39629444378  1.002775
6413.41832635636  0.9981327
6413.44035826894  1.004663
6413.46239018152  0.9974881
6413.4844220941  1.00244
6413.50645400668  1.004896
6413.52848591926  1.00693
6413.55051783184  1.004028
6413.57254974442  1.000611
6413.594581657  1.004625
6413.61661356958  0.9983913
6413.63864548216  0.9951043
6413.66067739474  0.9989071
6413.68270930732  1.005872
6413.7047412199  1.01071
6413.72677313248  1.00071
6413.74880504506  0.9946229
6413.77083695764  1.003307
6413.79286887022  1.004621
6413.8149007828  1.007474
6413.83693269538  1.004146
6413.85896460796  1.002649
6413.88099652054  1.003721
6413.90302843312  0.9988902
6413.9250603457  1.002096
6413.94709225828  0.9996206
6413.96912417086  0.9959442
6413.99115608344  1.001755
6414.01318799602  1.001276
6414.0352199086  0.9995392
6414.05725182118  0.9949742
6414.07928373376  0.9995179
6414.10131564634  1.004125
6414.12334755892  1.007327
6414.1453794715  1.005044
6414.16741138408  0.9915555
6414.18944329666  0.9969668
6414.21147520924  1.000819
6414.23350712182  0.9998202
6414.2555390344  1.005524
6414.27757094698  0.9990389
6414.29960285956  0.9982074
6414.32163477214  1.001914
6414.34366668472  0.9927444
6414.3656985973  1.001102
6414.38773050988  1.005427
6414.40976242246  1.004739
6414.43179433504  0.9966952
6414.45382624762  0.9897238
6414.4758581602  0.9944907
6414.49789007278  0.9966879
6414.51992198536  0.9908431
6414.54195389794  0.9816095
6414.56398581052  0.9777407
6414.5860177231  0.9745044
6414.60804963568  0.9852215
6414.63008154826  0.9885771
6414.65211346084  0.9870182
6414.67414537342  0.9909116
6414.696177286  0.9915591
6414.71820919858  0.9867147
6414.74024111117  0.985021
6414.76227302374  0.9812815
6414.78430493632  0.9670409
6414.8063368489  0.9582486
6414.82836876149  0.9666324
6414.85040067406  0.9576342
6414.87243258664  0.9357218
6414.89446449923  0.9232696
6414.91649641181  0.9236321
6414.93852832438  0.9247881
6414.96056023697  0.9207757
6414.98259214955  0.9172971
6415.00462406213  0.9218857
6415.02665597471  0.9129772
6415.04868788729  0.916415
6415.07071979987  0.926001
6415.09275171245  0.9379464
6415.11478362503  0.9547651
6415.13681553761  0.9623959
6415.15884745019  0.9668542
6415.18087936277  0.9725636
6415.20291127535  0.9756081
6415.22494318793  0.9811297
6415.24697510051  0.9954609
6415.26900701309  0.9983772
6415.29103892567  0.9892485
6415.31307083825  0.9897903
6415.33510275083  0.9900993
6415.35713466341  0.986469
6415.37916657599  0.9833592
6415.40119848857  0.9912419
6415.42323040115  0.9877109
6415.44526231373  0.9807264
6415.46729422631  0.98677
6415.48932613889  0.9804781
6415.51135805147  0.9660076
6415.53338996405  0.9718869
6415.55542187663  0.9739242
6415.57745378921  0.9755075
6415.59948570179  0.9795739
6415.62151761437  0.9800984
6415.64354952695  0.9782069
6415.66558143953  0.9832802
6415.68761335211  0.9923685
6415.70964526469  0.987428
6415.73167717727  0.9847503
6415.75370908985  0.9839785
6415.77574100243  0.9885756
6415.79777291501  0.9843965
6415.81980482759  0.9757963
6415.84183674017  0.9640183
6415.86386865275  0.9724788
6415.88590056533  0.9657721
6415.90793247791  0.9608498
6415.92996439049  0.9578966
6415.95199630307  0.9554883
6415.97402821565  0.9596098
6415.99606012823  0.9640487
6416.01809204081  0.9637461
6416.04012395339  0.9663582
6416.06215586597  0.9756964
6416.08418777855  0.9827143
6416.10621969113  0.9881371
6416.12825160371  0.9893857
6416.15028351629  0.9877298
6416.17231542887  0.9963253
6416.19434734145  0.9993153
6416.21637925403  1.003908
6416.23841116661  1.010592
6416.26044307919  0.9971539
6416.28247499177  0.9927243
6416.30450690435  0.9983544
6416.32653881693  0.9933126
6416.34857072951  0.9970785
6416.37060264209  1.005226
6416.39263455467  1.000873
6416.41466646725  0.990006
6416.43669837983  1.003395
6416.45873029241  1.003343
6416.480762205  1.001379
6416.50279411757  0.9979423
6416.52482603015  1.001311
6416.54685794273  1.001718
6416.56888985531  0.9989315
6416.59092176789  0.9950344
6416.61295368048  0.9962288
6416.63498559306  0.9889172
6416.65701750564  0.9947892
6416.67904941822  0.9953575
6416.7010813308  0.9809248
6416.72311324338  0.9664118
6416.74514515596  0.9550397
6416.76717706854  0.9436089
6416.78920898112  0.9274732
6416.8112408937  0.90528
6416.83327280628  0.8887447
6416.85530471886  0.8724458
6416.87733663144  0.8641946
6416.89936854402  0.8503239
6416.9214004566  0.8500915
6416.94343236918  0.8593463
6416.96546428176  0.8673514
6416.98749619434  0.8835421
6417.00952810692  0.904092
6417.0315600195  0.9207309
6417.05359193208  0.9248887
6417.07562384466  0.949621
6417.09765575724  0.971302
6417.11968766982  0.9863611
6417.1417195824  0.9922198
6417.16375149498  0.9928935
6417.18578340756  0.995442
6417.20781532014  0.993818
6417.22984723272  0.988745
6417.2518791453  0.9997316
6417.27391105788  1.009354
6417.29594297046  1.007986
6417.31797488304  1.006422
6417.34000679562  1.007971
6417.3620387082  1.009555
6417.38407062078  1.005032
6417.40610253336  0.9959956
6417.42813444594  0.9938064
6417.45016635852  0.9970199
6417.4721982711  0.9910765
6417.49423018368  0.9860633
6417.51626209626  0.982648
6417.53829400884  0.9817885
6417.56032592142  0.9898598
6417.582357834  0.9901506
6417.60438974658  0.9837498
6417.62642165916  0.9826377
6417.64845357174  0.9786477
6417.67048548432  0.9737256
6417.6925173969  0.9632915
6417.71454930948  0.9589831
6417.73658122206  0.9570867
6417.75861313464  0.9664996
6417.78064504722  0.9664067
6417.8026769598  0.9542411
6417.82470887238  0.9511636
6417.84674078496  0.9488879
6417.86877269754  0.9375184
6417.89080461012  0.945911
6417.9128365227  0.9452337
6417.93486843528  0.9501527
6417.95690034786  0.9572376
6417.97893226044  0.9684756
6418.00096417302  0.9817515
6418.0229960856  0.9967213
6418.04502799819  0.997889
6418.06705991076  0.9939134
6418.08909182334  0.9931944
6418.11112373592  0.9958399
6418.13315564851  1.00816
6418.15518756108  1.011321
6418.17721947366  1.010361
6418.19925138625  1.004463
6418.22128329882  1.005234
6418.2433152114  1.014317
6418.26534712398  1.012114
6418.28737903657  1.011373
6418.30941094915  1.000877
6418.33144286173  0.9944087
6418.35347477431  0.9997879
6418.37550668689  0.9983709
6418.39753859947  1.000567
6418.41957051205  0.9997391
6418.44160242463  0.9931179
6418.46363433721  0.9983109
6418.48566624979  1.015208
6418.50769816237  1.012542
6418.52973007495  1.005076
6418.55176198753  1.001042
6418.57379390011  0.9931607
6418.59582581269  0.9922655
6418.61785772527  0.9901873
6418.63988963785  0.9817086
6418.66192155043  0.9756294
6418.68395346301  0.9821332
6418.70598537559  0.9895119
6418.72801728817  0.9902951
6418.75004920075  0.990586
6418.77208111333  0.9927959
6418.79411302591  0.9929808
6418.81614493849  0.9902766
6418.83817685107  0.9970286
6418.86020876365  1.001723
6418.88224067623  0.9991871
6418.90427258881  1.001187
6418.92630450139  0.998974
6418.94833641397  0.996635
6418.97036832655  1.008836
6418.99240023913  1.00287
6419.01443215171  0.9939351
6419.03646406429  0.9973118
6419.05849597687  1.000059
6419.08052788945  1.001356
6419.10255980203  1.00307
6419.12459171461  1.003036
6419.14662362719  1.002877
6419.16865553977  0.9988272
6419.19068745235  0.9967554
6419.21271936493  1.001955
6419.23475127751  1.008952
6419.25678319009  1.007438
6419.27881510267  0.9922819
6419.30084701525  1.002347
6419.32287892783  1.010036
6419.34491084041  1.006243
6419.36694275299  1.007241
6419.38897466557  1.010491
6419.41100657815  1.01353
6419.43303849073  1.008473
6419.45507040331  1.012183
6419.47710231589  1.019776
6419.49913422847  1.009431
6419.52116614105  1.001657
6419.54319805363  1.001227
6419.56522996621  0.9958265
6419.58726187879  0.9875978
6419.60929379137  0.9950299
6419.63132570395  0.9952581
6419.65335761653  0.9884015
6419.67538952911  0.9806204
6419.6974214417  0.9759561
6419.71945335427  0.9659752
6419.74148526685  0.9580269
6419.76351717943  0.9532712
6419.78554909201  0.9390023
6419.80758100459  0.9202241
6419.82961291717  0.9022733
6419.85164482975  0.8815113
6419.87367674233  0.860078
6419.89570865491  0.8461606
6419.9177405675  0.8429626
6419.93977248008  0.8378477
6419.96180439265  0.8355891
6419.98383630524  0.8512046
6420.00586821782  0.8687743
6420.0279001304  0.8902365
6420.04993204298  0.8975232
6420.07196395556  0.9184807
6420.09399586814  0.9461588
6420.11602778072  0.9648806
6420.1380596933  0.9686876
6420.16009160588  0.9679649
6420.18212351846  0.9787132
6420.20415543104  0.983535
6420.22618734362  0.9830673
6420.2482192562  0.9910778
6420.27025116878  0.9924556
6420.29228308136  0.9999014
6420.31431499394  0.9970152
6420.33634690652  0.9969252
6420.3583788191  0.9942559
6420.38041073168  0.9976647
6420.40244264426  1.002218
6420.42447455684  1.002316
6420.44650646942  1.00224
6420.468538382  1.001634
6420.49057029458  1.000977
6420.51260220716  0.9955015
6420.53463411974  0.998708
6420.55666603232  0.9960133
6420.5786979449  0.9917868
6420.60072985748  0.996929
6420.62276177006  0.9938548
6420.64479368264  0.9931132
6420.66682559522  0.9949951
6420.6888575078  0.9996423
6420.71088942038  0.9942989
6420.73292133296  0.9885044
6420.75495324554  0.9898018
6420.77698515812  0.9749243
6420.7990170707  0.9490933
6420.82104898328  0.939936
6420.84308089586  0.9306924
6420.86511280844  0.9201336
6420.88714472102  0.9078401
6420.9091766336  0.9056597
6420.93120854618  0.9123216
6420.95324045876  0.9238954
6420.97527237134  0.9408181
6420.99730428392  0.9556263
6421.0193361965  0.9601969
6421.04136810908  0.9692541
6421.06340002166  0.9681968
6421.08543193424  0.9813598
6421.10746384682  0.9697462
6421.1294957594  0.9667189
6421.15152767198  0.9563997
6421.17355958456  0.9370475
6421.19559149714  0.9202052
6421.21762340972  0.9034054
6421.2396553223  0.8742145
6421.26168723488  0.8469451
6421.28371914746  0.8228316
6421.30575106004  0.8044657
6421.32778297262  0.7983137
6421.34981488521  0.7913787
6421.37184679778  0.7936331
6421.39387871036  0.8121786
6421.41591062294  0.8402714
6421.43794253552  0.8678818
6421.4599744481  0.8930565
6421.48200636068  0.9074292
6421.50403827327  0.9260861
6421.52607018584  0.9500942
6421.54810209842  0.9554504
6421.570134011  0.9627159
6421.59216592358  0.9769393
6421.61419783617  0.9851821
6421.63622974875  0.9891925
6421.65826166133  0.9951293
6421.68029357391  1.005078
6421.70232548649  1.014786
6421.72435739907  1.020081
6421.74638931165  1.008919
6421.76842122423  1.00261
6421.79045313681  1.001489
6421.81248504939  0.9958501
6421.83451696197  0.9982626
6421.85654887455  1.000504
6421.87858078713  0.9910477
6421.90061269971  1.003978
6421.92264461229  1.015183
6421.94467652487  1.012704
6421.96670843745  1.004088
6421.98874035003  1.000362
6422.01077226261  1.001422
6422.03280417519  1.007472
6422.05483608777  1.007265
6422.07686800035  1.001888
6422.09889991293  0.9998738
6422.12093182551  0.9916875
6422.14296373809  0.9823983
6422.16499565067  0.9722379
6422.18702756325  0.9551279
6422.20905947583  0.9431702
6422.23109138841  0.9313179
6422.25312330099  0.9095315
6422.27515521357  0.9037964
6422.29718712615  0.8862177
6422.31921903873  0.8449247
