6700.79781250002  0.9930468
6700.82088914604  1.001686
6700.84396579207  1.009421
6700.86704243811  0.9978455
6700.89011908413  0.9945749
6700.91319573017  0.9970313
6700.9362723762  0.9988838
6700.95934902222  1.002264
6700.98242566826  1.003625
6701.00550231428  0.998075
6701.02857896031  0.9969133
6701.05165560634  0.9982784
6701.07473225237  0.9997332
6701.09780889841  1.009163
6701.12088554443  1.004011
6701.14396219046  1.003733
6701.16703883649  1.004234
6701.19011548252  0.9958387
6701.21319212856  1.007019
6701.23626877458  1.024308
6701.25934542061  1.008876
6701.28242206664  1.000244
6701.30549871267  0.9975823
6701.3285753587  1.005039
6701.35165200473  1.010578
6701.37472865076  0.9995905
6701.39780529679  0.9846386
6701.42088194282  0.9951993
6701.44395858885  1.003952
6701.46703523488  1.003697
6701.49011188091  0.9923135
6701.51318852694  1.010006
6701.53626517297  1.008385
6701.559341819  1.004809
6701.58241846503  1.00319
6701.60549511106  0.9972898
6701.62857175709  0.9988338
6701.65164840312  0.9827834
6701.67472504915  0.9942145
6701.69780169518  0.9846138
6701.72087834121  1.002937
6701.74395498724  1.008191
6701.76703163327  1.010271
6701.7901082793  0.9972897
6701.81318492533  0.9767958
6701.83626157136  0.9906981
6701.85933821739  0.994134
6701.88241486342  0.996397
6701.90549150945  0.9956526
6701.92856815548  1.010725
6701.95164480151  1.001064
6701.97472144754  0.9936266
6701.99779809357  0.9901444
6702.0208747396  0.9914467
6702.04395138563  1.002137
6702.06702803166  1.001194
6702.09010467769  0.9982827
6702.11318132372  0.9998223
6702.13625796975  1.001249
6702.15933461578  0.9958119
6702.18241126181  0.9953924
6702.20548790784  0.9969029
6702.22856455387  0.9900727
6702.2516411999  0.9995443
6702.27471784593  1.005461
6702.29779449196  0.9952131
6702.32087113799  1.002132
6702.34394778402  0.9958484
6702.36702443005  1.004634
6702.39010107608  1.004865
6702.41317772211  0.9963141
6702.43625436814  0.9958928
6702.45933101417  0.9991781
6702.4824076602  0.99382
6702.50548430623  1.002388
6702.52856095226  0.9985329
6702.55163759829  0.9966621
6702.57471424432  1.008946
6702.59779089035  1.007092
6702.62086753638  1.000617
6702.64394418241  0.9954444
6702.66702082844  1.00595
6702.69009747447  1.001312
6702.7131741205  0.9981019
6702.73625076653  1.011259
6702.75932741256  1.007948
6702.78240405859  0.9973687
6702.80548070462  0.993908
6702.82855735065  1.006919
6702.85163399668  1.002028
6702.87471064271  0.9937891
6702.89778728874  0.9938336
6702.92086393477  0.9901097
6702.9439405808  1.004857
6702.96701722683  1.002803
6702.99009387286  0.9987338
6703.01317051889  1.003793
6703.03624716492  1.002902
6703.05932381095  0.9963102
6703.08240045698  1.00729
6703.10547710301  1.008035
6703.12855374904  1.018649
6703.15163039507  1.00516
6703.1747070411  0.994502
6703.19778368713  0.9974387
6703.22086033316  0.9980152
6703.24393697919  0.991221
6703.26701362522  0.989855
6703.29009027125  1.006562
6703.31316691728  0.9910716
6703.33624356331  0.9964973
6703.35932020934  1.004564
6703.38239685537  0.9936786
6703.4054735014  1.003027
6703.42855014743  0.9923485
6703.45162679346  0.9858767
6703.47470343949  0.9933334
6703.49778008552  0.9831019
6703.52085673155  0.9672513
6703.54393337758  0.966683
6703.56701002361  0.9683479
6703.59008666964  0.9741299
6703.61316331567  0.9778194
6703.6362399617  0.9734064
6703.65931660773  0.9748306
6703.68239325376  0.9911776
6703.70546989979  0.9913163
6703.72854654582  1.001062
6703.75162319185  0.9950153
6703.77469983788  0.9878942
6703.79777648391  0.996451
6703.82085312994  1.004855
6703.84392977597  1.013798
6703.867006422  1.007039
6703.89008306803  1.015536
6703.91315971406  1.003191
6703.93623636009  1.005864
6703.95931300612  0.9985948
6703.98238965215  0.9995623
6704.00546629818  1.012798
6704.02854294421  0.9966164
6704.05161959024  0.9922293
6704.07469623627  0.9983329
6704.0977728823  1.016395
6704.12084952833  1.005383
6704.14392617436  0.9996561
6704.16700282039  0.9956236
6704.19007946642  0.9965932
6704.21315611245  1.011329
6704.23623275848  1.010253
6704.25930940451  0.9916665
6704.28238605054  0.9867674
6704.30546269657  0.9986217
6704.3285393426  0.9991292
6704.35161598863  0.9943503
6704.37469263466  0.9960014
6704.39776928069  1.001053
6704.42084592672  0.9941838
6704.44392257275  0.9942498
6704.46699921878  0.9956012
6704.49007586481  0.9820515
6704.51315251084  0.9736682
6704.53622915687  0.975127
6704.5593058029  0.9659309
6704.58238244893  0.9562292
6704.60545909496  0.9602494
6704.62853574099  0.9664153
6704.65161238702  0.9711547
6704.67468903305  0.9720669
6704.69776567908  0.9866623
6704.72084232511  0.9936681
6704.74391897114  1.001524
6704.76699561717  1.002882
6704.7900722632  1.008313
6704.81314890923  1.000194
6704.83622555526  1.002529
6704.85930220129  0.9914261
6704.88237884732  0.9996752
6704.90545549335  1.003005
6704.92853213938  0.9886668
6704.95160878541  0.99486
6704.97468543144  0.9870743
6704.99776207747  0.9643448
6705.0208387235  0.9559727
6705.04391536953  0.9494157
6705.06699201556  0.9286024
6705.09006866159  0.940608
6705.11314530762  0.9352709
6705.13622195365  0.9392328
6705.15929859968  0.9440256
6705.18237524571  0.9562123
6705.20545189173  0.9670777
6705.22852853776  0.9676113
6705.2516051838  0.9684755
6705.27468182983  0.992336
6705.29775847586  0.9999568
6705.32083512188  0.9842253
6705.34391176792  0.9990886
6705.36698841395  0.9843079
6705.39006505998  0.9908285
6705.41314170601  0.9989026
6705.43621835204  1.008297
6705.45929499806  1.002597
6705.4823716441  0.9878066
6705.50544829012  0.9921814
6705.52852493615  0.9978608
6705.55160158218  0.9986162
6705.57467822821  0.9996523
6705.59775487425  1.000642
6705.62083152027  1.007539
6705.64390816631  0.9949673
6705.66698481233  0.9987871
6705.69006145837  1.004983
6705.7131381044  0.9930766
6705.73621475042  0.9948238
6705.75929139645  1.003178
6705.78236804248  1.000184
6705.80544468851  1.000561
6705.82852133454  1.003219
6705.85159798057  0.9983192
6705.8746746266  1.005919
6705.89775127263  1.006635
6705.92082791866  0.9984991
6705.9439045647  1.007264
6705.96698121072  0.9992333
6705.99005785676  0.9937798
6706.01313450278  0.9831839
6706.03621114881  0.9732458
6706.05928779484  0.9663974
6706.08236444087  0.963758
6706.1054410869  0.9617764
6706.12851773293  0.9579002
6706.15159437896  0.9548503
6706.17467102499  0.9610412
6706.19774767102  0.9662062
6706.22082431705  0.9777146
6706.24390096308  0.9987545
6706.26697760911  0.9929484
6706.29005425514  0.9909795
6706.31313090117  0.985743
6706.3362075472  0.9999155
6706.35928419323  1.007622
6706.38236083926  1.004176
6706.40543748529  0.9942572
6706.42851413132  1.018715
6706.45159077735  1.021201
6706.47466742338  0.9939258
6706.49774406941  0.994618
6706.52082071544  1.008573
6706.54389736147  0.9954005
6706.5669740075  0.9984339
6706.59005065353  1.011678
6706.61312729956  1.000753
6706.63620394559  1.007706
6706.65928059162  1.003917
6706.68235723765  0.998921
6706.70543388368  1.001704
6706.72851052971  0.9975449
6706.75158717574  0.9948187
6706.77466382177  1.007462
6706.7977404678  1.012581
6706.82081711383  0.9972664
6706.84389375986  1.004429
6706.86697040589  0.9966669
6706.89004705192  0.9939038
6706.91312369795  0.9954104
6706.93620034398  1.002875
6706.95927699001  1.003948
6706.98235363604  0.9868676
6707.00543028207  0.9913071
6707.0285069281  1.003376
6707.05158357413  0.9943193
6707.07466022016  0.997781
6707.09773686619  1.007269
6707.12081351222  1.002636
6707.14389015825  1.004975
6707.16696680428  1.002325
6707.19004345031  0.9933564
6707.21312009634  0.9928106
6707.23619674237  0.9889587
6707.2592733884  0.9911768
6707.28235003443  1.00134
6707.30542668046  0.990618
6707.32850332649  0.9884596
6707.35157997252  0.9955226
6707.37465661855  0.9993392
6707.39773326458  0.9821042
6707.42080991061  0.9801103
6707.44388655664  0.9976733
6707.46696320267  0.9937342
6707.4900398487  0.9943094
6707.51311649473  0.9915054
6707.53619314076  0.9778898
6707.55926978679  0.9545496
6707.58234643282  0.9584135
6707.60542307885  0.9457486
6707.62849972488  0.9377566
6707.65157637091  0.9103142
6707.67465301694  0.9107899
6707.69772966297  0.8961889
6707.720806309  0.871658
6707.74388295503  0.8778813
6707.76695960106  0.8586541
6707.79003624709  0.8636808
6707.81311289312  0.8515559
6707.83618953915  0.8676389
6707.85926618518  0.8600295
6707.88234283121  0.8624646
6707.90541947724  0.870651
6707.92849612327  0.8759131
6707.9515727693  0.8917875
6707.97464941533  0.909908
6707.99772606136  0.9208964
6708.02080270739  0.9280638
6708.04387935342  0.9487552
6708.06695599945  0.9535512
6708.09003264548  0.9619639
6708.11310929151  0.9818022
6708.13618593754  0.9723836
6708.15926258357  0.970737
6708.1823392296  0.9770616
6708.20541587563  0.9880505
6708.22849252166  0.9793061
6708.25156916769  0.9821297
6708.27464581372  0.9818141
6708.29772245975  0.991143
6708.32079910578  0.9805607
6708.34387575181  0.9814409
6708.36695239784  0.9890465
6708.39002904387  0.9862605
6708.4131056899  0.9848859
6708.43618233593  0.9955757
6708.45925898196  0.9914721
6708.48233562799  0.9819877
6708.50541227402  0.9885908
6708.52848892005  0.9862146
6708.55156556608  0.9793354
6708.57464221211  0.9886158
6708.59771885814  0.9855953
6708.62079550417  0.9692467
6708.6438721502  0.9679554
6708.66694879623  0.9556149
6708.69002544226  0.9454806
6708.71310208829  0.9395436
6708.73617873432  0.9199007
6708.75925538035  0.9110192
6708.78233202638  0.9034469
6708.80540867241  0.9079065
6708.82848531844  0.9130449
6708.85156196447  0.9165919
6708.8746386105  0.9225762
6708.89771525653  0.9250643
6708.92079190256  0.9271351
6708.94386854859  0.9432709
6708.96694519462  0.9347467
6708.99002184065  0.9483574
6709.01309848668  0.9590868
6709.03617513271  0.9666603
6709.05925177874  0.9693257
6709.08232842477  0.9818376
6709.1054050708  0.992359
6709.12848171683  0.9918521
6709.15155836286  1.002393
6709.17463500889  1.003184
6709.19771165492  1.004521
6709.22078830095  0.9981797
6709.24386494698  1.003237
6709.26694159301  0.9930917
6709.29001823904  0.9980847
6709.31309488507  0.9989223
6709.3361715311  0.9940723
6709.35924817713  1.005043
6709.38232482316  1.005747
6709.40540146919  1.007877
6709.42847811522  0.9950091
6709.45155476125  0.9987717
6709.47463140728  0.9931993
6709.49770805331  1.004577
6709.52078469934  1.008092
6709.54386134537  1.009632
6709.5669379914  1.005909
6709.59001463743  1.004631
6709.61309128346  0.9963976
6709.63616792949  0.9860183
6709.65924457552  0.9900514
6709.68232122155  0.9995092
6709.70539786758  1.002195
6709.72847451361  0.9914588
6709.75155115964  0.9901982
6709.77462780567  1.006288
6709.7977044517  1.002827
6709.82078109772  0.9980091
6709.84385774375  0.9956285
6709.86693438979  0.9935367
6709.89001103582  0.9855548
6709.91308768185  0.9873472
6709.93616432788  0.9959922
6709.9592409739  0.9979518
6709.98231761994  0.9987742
6710.00539426596  0.9865245
6710.028470912  0.9963599
6710.05154755802  1.003809
6710.07462420405  0.9973043
6710.09770085009  1.013849
6710.12077749611  1.003364
6710.14385414214  0.9995263
6710.16693078817  1.006623
6710.19000743421  0.9955998
6710.21308408024  1.010538
6710.23616072626  0.9961467
6710.25923737229  0.999396
6710.28231401832  0.9975299
6710.30539066435  1.010036
6710.32846731039  0.9916893
6710.35154395641  0.9954492
6710.37462060244  1.007689
6710.39769724847  0.9943317
6710.4207738945  0.991894
6710.44385054053  1.00881
6710.46692718656  0.990793
6710.4900038326  0.9835637
6710.51308047862  1.003803
6710.53615712465  1.006629
6710.55923377068  0.9868527
6710.58231041671  0.9970697
6710.60538706274  1.011758
6710.62846370877  0.9981517
6710.6515403548  0.990845
6710.67461700083  0.9976245
6710.69769364686  1.000269
6710.72077029289  0.9985787
6710.74384693892  1.008304
6710.76692358495  1.007662
6710.79000023098  0.9975573
6710.81307687701  0.9964332
6710.83615352304  1.00084
6710.85923016907  1.013812
6710.8823068151  1.008799
6710.90538346113  1.003887
6710.92846010716  1.007179
6710.95153675319  1.010835
6710.97461339922  1.005232
6710.99769004525  0.9884571
6711.02076669128  0.9909044
6711.04384333731  1.006737
6711.06691998334  0.9986199
6711.08999662937  1.002007
6711.1130732754  1.013014
6711.13614992143  1.004318
6711.15922656746  1.001927
6711.18230321349  0.9954615
6711.20537985952  1.000618
6711.22845650555  1.003553
6711.25153315158  0.9976515
6711.27460979761  0.9886011
6711.29768644364  0.9793856
6711.32076308967  0.9903054
6711.3438397357  0.996951
6711.36691638173  0.9867225
6711.38999302776  0.9948903
6711.41306967379  1.000825
6711.43614631982  1.004189
6711.45922296585  0.9980112
6711.48229961188  0.9992012
6711.50537625791  1.00528
6711.52845290394  0.9943916
6711.55152954997  0.9856257
6711.574606196  1.000192
6711.59768284203  0.996743
6711.62075948806  0.9936128
6711.64383613409  0.9991893
6711.66691278012  1.011568
6711.68998942615  1.005839
6711.71306607218  1.001852
6711.73614271821  1.019942
6711.75921936424  1.0058
6711.78229601027  0.9908021
6711.8053726563  1.00637
6711.82844930233  1.009243
6711.85152594836  0.9929646
6711.87460259439  0.9929936
6711.89767924042  1.000869
6711.92075588645  0.9985797
6711.94383253248  0.9937256
6711.96690917851  0.9939948
6711.98998582454  1.004521
6712.01306247057  1.003022
6712.0361391166  1.001239
6712.05921576263  1.014057
6712.08229240866  1.01742
6712.10536905469  1.000887
6712.12844570072  1.001526
6712.15152234675  1.001494
6712.17459899278  1.007395
6712.19767563881  1.007431
6712.22075228484  1.004023
6712.24382893087  0.9992461
6712.2669055769  1.000927
6712.28998222293  1.0035
6712.31305886896  1.003443
6712.33613551499  1.001427
6712.35921216102  0.9985229
6712.38228880705  1.002252
6712.40536545308  0.9968352
6712.42844209911  1.008256
6712.45151874514  1.00131
6712.47459539117  1.003561
6712.4976720372  0.9992673
6712.52074868323  0.9870911
6712.54382532926  0.999236
6712.56690197529  0.9990991
6712.58997862132  1.001585
6712.61305526735  1.017896
6712.63613191338  1.007319
6712.65920855941  1.009519
6712.68228520544  1.013317
6712.70536185147  1.00264
6712.7284384975  0.9982378
6712.75151514353  1.004182
6712.77459178956  1.001609
6712.79766843559  0.9897956
6712.82074508162  0.9937713
6712.84382172765  0.9880639
6712.86689837368  0.9894958
6712.88997501971  0.9904816
6712.91305166574  1.000256
6712.93612831177  0.9972774
6712.9592049578  0.9825458
6712.98228160383  0.9779595
6713.00535824986  0.9753335
6713.02843489589  0.9746585
6713.05151154192  0.9728287
6713.07458818795  0.9641953
6713.09766483398  0.9707611
6713.12074148001  0.97132
6713.14381812604  0.9642501
6713.16689477207  0.9807961
6713.1899714181  0.9768975
6713.21304806413  0.9887107
6713.23612471016  0.992538
6713.25920135619  0.9908161
6713.28227800222  0.9882901
6713.30535464825  0.9874083
6713.32843129428  0.9820181
6713.35150794031  0.9845176
6713.37458458634  1.001849
6713.39766123237  0.9880738
6713.4207378784  0.990939
6713.44381452443  0.9904858
6713.46689117046  0.9941087
6713.48996781649  0.9895508
6713.51304446252  0.980588
6713.53612110855  0.9946421
6713.55919775458  1.003657
6713.58227440061  0.9914907
6713.60535104664  0.9883843
6713.62842769267  1.000891
6713.6515043387  0.985976
6713.67458098473  0.9835583
6713.69765763076  0.9754189
6713.72073427679  0.9768114
6713.74381092282  0.9842008
6713.76688756885  0.9806928
6713.78996421488  0.9667115
6713.81304086091  0.9721694
6713.83611750694  0.9916086
6713.85919415297  0.9916872
6713.882270799  0.9804538
6713.90534744503  0.9901084
6713.92842409106  0.9891155
6713.95150073709  0.9738342
6713.97457738312  0.9721429
6713.99765402915  0.9788447
6714.02073067518  0.9731583
6714.04380732121  0.9664828
6714.06688396724  0.9764858
6714.08996061327  0.9636856
6714.1130372593  0.9678774
6714.13611390533  0.9779645
6714.15919055136  0.9761202
6714.18226719739  0.9771432
6714.20534384342  0.978543
6714.22842048945  0.9788234
6714.25149713548  0.9832954
6714.2745737815  0.9843549
6714.29765042754  0.9837611
6714.32072707357  0.9855846
6714.3438037196  0.999751
6714.36688036563  0.9900653
6714.38995701166  0.9995261
6714.41303365769  1.007802
6714.43611030372  0.9979323
6714.45918694974  0.9980909
6714.48226359578  1.001552
6714.5053402418  1.012012
6714.52841688784  1.003168
6714.55149353386  1.003241
6714.57457017989  0.9904527
6714.59764682593  1.001086
6714.62072347195  0.9920085
6714.64380011799  0.9813266
6714.66687676401  0.9959288
6714.68995341005  0.9757431
6714.71303005608  0.9811784
6714.7361067021  0.983283
6714.75918334813  0.9706841
6714.78225999416  0.9737655
6714.80533664019  0.9768961
6714.82841328622  0.9752489
6714.85148993225  0.9683446
6714.87456657828  0.9842783
6714.89764322431  0.9920798
6714.92071987034  0.9948456
6714.94379651638  0.997786
6714.9668731624  0.9955617
6714.98994980843  0.9971393
6715.01302645446  0.9985996
6715.03610310049  0.989054
6715.05917974652  0.980547
6715.08225639255  0.986698
6715.10533303858  0.9758471
6715.12840968461  0.9948657
6715.15148633064  1.000012
6715.17456297667  0.9891399
6715.1976396227  0.9849079
6715.22071626873  0.9976563
6715.24379291476  0.9999499
6715.26686956079  0.9737264
6715.28994620682  0.9754173
6715.31302285285  0.9689958
6715.33609949888  0.9659355
6715.35917614491  0.9705054
6715.38225279094  0.9703134
6715.40532943697  0.9617887
6715.428406083  0.9615285
6715.45148272903  0.9747595
6715.47455937506  0.9731538
6715.49763602109  0.9676339
6715.52071266712  0.9841244
6715.54378931315  1.002097
6715.56686595918  0.9972823
6715.58994260521  1.000391
6715.61301925124  0.9847018
6715.63609589727  0.9806224
6715.6591725433  0.9908081
6715.68224918933  1.005744
6715.70532583536  1.00037
6715.72840248139  1.000097
6715.75147912742  0.9969866
6715.77455577345  0.9942436
6715.79763241948  0.9931983
6715.82070906551  0.993252
6715.84378571154  0.9946683
6715.86686235757  1.005119
6715.8899390036  1.018576
6715.91301564963  1.004667
6715.93609229566  0.9953608
6715.95916894169  1.002586
6715.98224558772  1.018131
6716.00532223375  0.9996135
6716.02839887978  0.9850805
6716.05147552581  0.9943684
6716.07455217184  0.9874782
6716.09762881787  0.9893538
6716.1207054639  1.001325
6716.14378210993  0.9936774
6716.16685875596  0.9974004
6716.18993540199  0.9839032
6716.21301204802  0.9850851
6716.23608869405  0.9744693
6716.25916534008  0.9778111
6716.28224198611  0.9814327
6716.30531863214  0.9705483
6716.32839527817  0.9615453
6716.3514719242  0.9691425
6716.37454857023  0.9710261
6716.39762521626  0.9615591
6716.42070186229  0.9654169
6716.44377850832  0.9694467
6716.46685515435  0.984852
6716.48993180038  0.9825279
6716.51300844641  0.9774476
6716.53608509244  0.9911432
6716.55916173847  0.9866665
6716.5822383845  0.9863718
6716.60531503053  1.006794
6716.62839167656  1.011645
6716.65146832259  1.004938
6716.67454496862  0.9967781
6716.69762161465  0.9978485
6716.72069826068  0.9937266
6716.74377490671  0.9987121
6716.76685155274  0.9974085
6716.78992819877  0.9948195
6716.8130048448  1.006976
6716.83608149083  1.011395
6716.85915813686  1.00668
6716.88223478289  1.008695
6716.90531142892  1.005465
6716.92838807495  1.012009
6716.95146472098  0.9943365
6716.97454136701  1.004258
6716.99761801304  1.006359
6717.02069465907  0.9981326
6717.0437713051  0.9966024
6717.06684795113  1.002028
6717.08992459716  0.9931872
6717.11300124319  0.9944321
6717.13607788922  0.9974499
6717.15915453525  0.9821966
6717.18223118128  0.9785764
6717.20530782731  0.9758159
6717.22838447334  0.984319
6717.25146111937  0.9768691
6717.2745377654  0.9842567
6717.29761441143  0.9858863
6717.32069105746  0.9704008
6717.34376770349  0.9624476
6717.36684434952  0.979213
6717.38992099555  0.9894205
6717.41299764158  0.9764735
6717.43607428761  0.9603738
6717.45915093364  0.9567983
6717.48222757967  0.9406338
6717.5053042257  0.9194546
6717.52838087173  0.9096593
6717.55145751776  0.8834415
6717.57453416379  0.8684363
6717.59761080982  0.8385743
6717.62068745585  0.8181907
6717.64376410188  0.8143107
6717.66684074791  0.802322
6717.68991739394  0.8003929
6717.71299403997  0.800001
6717.736070686  0.8229643
6717.75914733203  0.8434545
6717.78222397806  0.8626975
6717.80530062409  0.8822575
6717.82837727012  0.896306
6717.85145391615  0.9162142
6717.87453056218  0.9255717
6717.89760720821  0.943103
6717.92068385424  0.9715578
6717.94376050027  0.9718793
6717.9668371463  0.9976762
6717.98991379233  0.9867722
6718.01299043836  0.99528
6718.03606708439  0.9876459
6718.05914373042  0.9909395
6718.08222037645  1.009083
6718.10529702248  1.009633
6718.12837366851  0.996192
6718.15145031454  1.001024
6718.17452696057  0.9913107
6718.1976036066  0.9916004
6718.22068025263  1.002643
6718.24375689866  0.9939553
6718.26683354469  0.9805073
6718.28991019072  0.9959289
6718.31298683675  0.9979392
6718.33606348278  1.00307
6718.35914012881  0.995406
6718.38221677484  0.9829882
6718.40529342087  0.9833373
6718.4283700669  0.9876612
6718.45144671293  0.9816467
6718.47452335896  0.9739895
6718.49760000499  0.9663301
6718.52067665102  0.9572576
6718.54375329705  0.9575222
6718.56682994308  0.947505
6718.58990658911  0.9323806
6718.61298323514  0.9191996
6718.63605988117  0.9057347
6718.6591365272  0.8956704
6718.68221317323  0.8859447
6718.70528981926  0.890587
6718.72836646529  0.8929613
6718.75144311132  0.8939419
6718.77451975734  0.9005904
6718.79759640338  0.9387646
6718.82067304941  0.9425597
6718.84374969544  0.9544164
6718.86682634147  0.9868884
6718.8899029875  0.9777861
6718.91297963353  0.9888082
6718.93605627955  0.975516
6718.95913292559  0.9913285
6718.98220957162  0.999442
6719.00528621764  0.9865229
6719.02836286368  0.9936195
6719.0514395097  0.9958359
6719.07451615573  0.9920802
6719.09759280176  0.9905348
6719.1206694478  0.9826619
6719.14374609383  0.9862388
6719.16682273985  0.9993374
6719.18989938589  0.9973589
6719.21297603191  0.9918684
6719.23605267794  0.992251
6719.25912932398  0.9866657
6719.28220597  0.9953246
6719.30528261603  0.9896222
6719.32835926206  0.9809461
6719.35143590809  0.9850795
6719.37451255412  0.9930841
6719.39758920015  0.984842
6719.42066584619  0.9967583
6719.44374249222  0.9912629
6719.46681913824  0.9751811
6719.48989578427  0.9884969
6719.5129724303  0.9821134
6719.53604907633  0.9774778
6719.55912572236  0.9850864
6719.58220236839  0.986839
6719.60527901442  0.972999
6719.62835566045  0.9659633
6719.65143230648  0.9807638
6719.67450895251  0.9851463
6719.69758559854  0.9824056
6719.72066224457  0.9900017
6719.7437388906  0.9884992
6719.76681553663  0.9774782
6719.78989218266  1.000055
6719.81296882869  0.989526
6719.83604547472  0.9842371
6719.85912212075  0.997102
6719.88219876678  0.9972799
6719.90527541281  0.9859364
6719.92835205884  0.9842371
6719.95142870487  1.001086
6719.9745053509  1.013019
6719.99758199693  1.006164
6720.02065864296  0.9981929
6720.04373528899  0.9942176
6720.06681193502  0.9952567
6720.08988858105  0.9816586
6720.11296522708  1.000267
6720.13604187311  1.009799
6720.15911851914  1.003482
6720.18219516517  1.000214
6720.2052718112  1.003347
6720.22834845723  1.018392
6720.25142510326  1.011562
6720.27450174929  1.009025
6720.29757839532  1.004627
6720.32065504135  1.014179
6720.34373168738  0.9947984
6720.36680833341  1.000043
6720.38988497944  0.9978603
6720.41296162547  0.9951094
6720.4360382715  1.005802
6720.45911491753  0.9964975
6720.48219156356  0.9976391
6720.50526820959  0.9914546
6720.52834485562  0.99927
6720.55142150165  1.010438
6720.57449814768  0.9798754
6720.59757479371  0.9917427
6720.62065143974  0.9877208
6720.64372808577  0.9918799
6720.6668047318  0.9957222
6720.68988137783  1.004125
6720.71295802386  1.002539
6720.73603466989  0.9938471
6720.75911131592  1.003926
6720.78218796195  1.014346
